1.jpg 46.060 62.026 87.785 60.323 68.851 77.656 52.162 99.875 86.450 98.648 0.999
2.jpg 62.737 65.853 104.880 66.976 91.841 89.250 65.963 111.259 97.864 112.445 0.999
3.jpg 86.198 80.365 113.306 76.353 117.975 101.014 91.253 122.683 109.068 120.272 0.999
4.jpg 50.237 70.322 98.673 70.570 75.986 91.564 54.455 114.857 94.867 115.368 0.999
5.jpg 45.095 63.596 90.670 63.722 65.324 87.436 48.784 106.877 86.512 107.241 0.999
6.jpg 112.385 171.418 224.675 166.702 157.930 222.754 126.949 280.344 219.994 277.332 0.999
7.jpg 81.108 45.171 90.467 45.981 100.458 70.816 73.968 89.625 79.954 91.611 0.999
8.jpg 172.883 288.813 177.572 289.275 134.593 383.845 222.901 434.666 230.273 432.316 0.994
9.jpg 194.494 126.951 214.651 124.665 241.488 177.907 183.503 217.120 200.374 217.989 0.999
10.jpg 113.324 153.119 211.793 143.974 170.590 199.771 130.724 251.269 211.853 244.348 0.999
11.jpg 378.939 351.043 627.857 340.639 588.756 459.649 432.611 625.791 628.596 617.695 0.999
12.jpg 46.355 65.445 91.961 65.415 63.702 92.335 50.261 111.788 87.715 112.055 0.999
13.jpg 70.776 128.747 124.896 125.391 67.986 182.250 85.322 225.970 124.870 222.913 0.999
14.jpg 64.207 68.023 109.587 67.801 96.694 95.651 66.531 116.023 103.962 115.996 0.999
15.jpg 79.919 130.031 158.220 130.364 94.292 179.230 88.440 223.991 148.424 224.703 1.000
16.jpg 58.950 98.362 98.716 102.779 48.185 134.961 57.418 169.613 91.843 173.020 0.999
17.jpg 119.502 170.180 227.373 163.610 175.992 229.203 135.380 277.265 222.340 272.558 0.999
18.jpg 124.255 119.326 193.830 120.810 178.369 163.235 127.795 198.941 186.160 200.609 0.999
19.jpg 157.586 118.056 198.867 120.228 206.663 165.825 149.583 199.375 184.826 203.237 0.999
20.jpg 58.493 118.318 94.855 114.538 50.988 157.134 70.520 193.856 97.963 190.354 0.999
21.jpg 74.219 99.528 136.903 101.134 103.901 137.363 74.780 159.989 131.398 161.832 0.999
22.jpg 202.897 275.044 391.103 261.968 304.109 376.785 229.180 461.463 385.997 451.987 0.999
23.jpg 58.731 41.604 76.223 40.992 83.999 58.875 60.971 78.709 74.386 78.796 0.999
24.jpg 49.786 64.947 89.612 60.503 75.911 87.870 54.550 103.935 89.847 100.599 0.999
25.jpg 43.427 66.937 85.432 65.966 60.916 91.168 46.971 106.937 83.034 106.383 0.999
26.jpg 353.702 290.665 461.974 279.681 503.471 370.595 395.884 488.516 479.948 482.660 0.999
27.jpg 46.514 83.685 93.567 77.860 62.686 107.411 56.099 130.899 96.117 126.423 0.999
28.jpg 165.352 123.706 254.096 132.738 238.424 180.711 174.600 240.020 241.001 248.844 0.999
29.jpg 79.571 93.938 134.800 90.024 119.310 131.435 79.556 148.512 131.539 145.756 0.999
30.jpg 90.876 131.977 86.675 134.757 57.513 179.478 102.160 216.096 99.270 217.168 0.998
31.jpg 51.715 75.165 102.408 70.770 77.711 102.979 57.510 120.589 104.936 117.076 0.998
32.jpg 60.217 78.266 112.583 76.734 89.906 105.940 67.240 130.619 107.254 129.536 0.999
33.jpg 54.877 66.466 95.190 64.187 82.901 90.861 54.565 104.569 93.610 102.859 0.999
34.jpg 47.890 48.786 84.905 45.594 76.578 66.050 56.008 89.250 85.309 86.788 0.997
35.jpg 44.548 76.389 92.699 69.504 69.430 104.306 55.781 119.114 98.595 113.576 0.999
36.jpg 43.807 69.969 87.188 64.854 65.684 93.441 47.487 105.913 91.504 101.804 0.999
37.jpg 93.934 73.520 94.746 74.095 108.022 98.879 84.910 118.045 86.934 119.905 0.999
38.jpg 68.686 52.801 94.271 51.138 95.858 77.203 64.755 92.588 86.502 92.117 0.997
39.jpg 83.827 71.830 87.907 69.995 95.922 88.760 81.320 105.139 83.367 104.499 0.999
40.jpg 61.813 79.547 113.203 83.807 88.231 108.098 59.607 126.453 105.061 130.247 0.999
41.jpg 38.263 68.675 78.364 54.296 61.729 87.150 53.724 101.096 93.257 88.994 0.998
42.jpg 48.922 80.719 98.138 77.542 71.813 103.306 54.760 121.971 100.602 119.584 0.999
43.jpg 48.808 80.542 94.482 69.319 80.200 105.499 65.182 122.971 100.589 114.072 0.998
44.jpg 43.318 76.848 85.181 69.937 61.895 99.353 55.785 120.436 87.670 114.863 0.999
45.jpg 52.908 81.420 101.699 78.415 76.216 112.570 60.133 129.653 101.445 127.478 0.999
46.jpg 56.632 62.157 93.442 58.267 84.265 80.878 61.173 97.321 93.543 94.597 0.998
47.jpg 38.771 71.898 78.981 69.079 48.846 98.230 47.435 116.944 81.654 114.753 0.999
48.jpg 77.440 156.686 162.356 145.085 108.535 212.017 103.790 246.041 170.382 236.725 0.999
49.jpg 41.429 61.502 59.637 64.455 31.906 83.183 42.321 103.467 56.015 105.575 0.999
50.jpg 57.179 60.194 85.459 65.294 77.282 86.823 46.401 97.112 71.406 102.057 0.998
51.jpg 269.477 206.899 285.089 211.827 295.941 306.010 193.035 326.525 205.678 335.675 1.000
52.jpg 77.444 79.802 123.739 83.522 109.708 111.918 78.384 133.354 113.751 136.983 0.999
53.jpg 40.105 80.191 82.032 69.030 56.532 102.487 55.803 124.540 92.848 115.486 1.000
54.jpg 56.897 85.690 108.567 75.383 83.318 108.261 64.365 129.966 118.216 121.883 0.999
55.jpg 57.507 88.575 108.898 78.503 85.392 112.614 65.012 132.123 118.346 124.277 0.999
56.jpg 62.382 119.149 129.137 103.387 83.866 158.409 81.428 193.389 152.366 180.182 1.000
57.jpg 97.692 68.233 99.548 68.587 109.260 98.343 79.774 111.389 80.867 113.367 0.999
58.jpg 62.860 113.452 125.749 96.184 89.851 143.499 81.289 174.573 144.423 160.648 1.000
59.jpg 226.232 313.675 423.229 302.638 328.568 452.073 225.852 485.000 437.045 476.827 0.999
60.jpg 55.808 84.667 107.561 76.638 83.917 109.229 61.844 129.017 114.911 122.934 0.999
61.jpg 62.873 92.029 117.514 84.502 91.037 119.138 68.103 140.167 124.469 134.527 0.999
62.jpg 30.377 53.486 53.617 59.609 21.040 76.809 26.657 98.326 44.977 103.137 1.000
63.jpg 74.679 111.875 151.988 109.381 111.049 142.050 85.838 189.115 145.826 187.507 0.999
64.jpg 82.179 63.827 95.249 61.254 105.204 82.985 79.867 102.502 89.566 101.524 0.998
65.jpg 38.096 54.315 46.918 59.066 25.575 75.474 42.388 92.430 51.086 94.543 0.999
66.jpg 60.986 90.633 113.464 81.127 87.015 113.986 68.108 136.753 122.546 129.365 0.999
67.jpg 116.106 240.530 186.341 245.831 78.416 318.963 120.982 405.025 168.147 408.275 1.000
68.jpg 32.501 74.517 75.083 67.925 47.249 105.489 49.441 121.687 83.976 116.352 0.999
69.jpg 131.799 258.343 286.217 241.235 187.017 360.657 154.016 402.181 317.449 388.299 0.999
70.jpg 57.551 92.407 112.157 82.506 82.558 117.495 65.657 140.289 122.565 132.640 1.000
71.jpg 69.676 66.620 102.357 60.538 103.497 86.970 78.157 108.315 105.044 103.770 0.999
72.jpg 86.514 113.978 160.735 116.436 121.209 157.754 81.810 180.686 159.345 183.524 0.999
73.jpg 47.600 71.915 94.339 67.278 72.303 94.160 58.072 119.876 92.277 116.250 0.999
74.jpg 51.281 70.583 97.288 71.164 72.157 99.719 51.097 111.698 96.789 112.561 0.999
75.jpg 135.436 150.231 225.638 152.865 186.023 206.344 132.307 238.930 219.327 241.673 0.999
76.jpg 112.380 210.577 223.594 190.778 145.483 287.754 154.351 348.408 239.094 331.855 0.999
77.jpg 50.981 86.830 102.437 73.909 76.110 108.353 61.812 131.570 116.433 121.210 0.999
78.jpg 31.297 64.307 46.656 67.109 23.938 90.624 39.443 106.392 51.487 108.208 0.999
79.jpg 54.702 86.387 96.482 90.782 58.703 121.483 59.165 143.037 90.076 146.517 1.000
80.jpg 57.481 92.788 111.753 77.270 87.357 116.342 69.871 138.933 127.277 126.402 0.999
81.jpg 61.982 90.612 116.824 80.666 89.415 115.919 67.818 137.447 126.644 129.668 0.999
82.jpg 28.719 47.185 44.897 52.759 22.126 70.509 35.638 85.492 46.247 88.469 0.999
83.jpg 85.812 125.779 152.058 92.112 147.277 146.145 125.312 197.964 176.263 170.139 0.999
84.jpg 108.941 214.958 159.274 210.960 85.972 300.191 144.066 362.146 182.420 356.831 0.999
85.jpg 93.673 72.250 112.240 73.714 118.966 109.282 73.973 123.362 94.219 126.257 1.000
86.jpg 58.515 94.984 75.752 95.717 46.959 146.686 82.617 169.759 97.355 169.306 1.000
87.jpg 36.447 69.474 78.215 70.441 44.853 92.041 36.632 113.617 76.715 114.796 0.999
88.jpg 83.281 116.441 148.224 108.528 120.139 156.282 88.745 177.616 153.938 171.510 0.999
89.jpg 55.175 86.806 107.462 75.971 83.412 110.343 63.312 131.525 118.055 123.067 0.999
90.jpg 91.025 132.362 175.626 129.963 119.446 178.383 93.724 217.944 175.950 216.935 0.999
91.jpg 40.142 81.140 78.397 73.719 55.983 107.300 56.473 120.114 91.155 113.694 0.999
92.jpg 41.517 72.965 58.149 72.849 35.341 99.934 52.397 118.521 65.081 117.851 0.999
93.jpg 79.713 71.069 94.886 71.761 97.391 97.749 68.619 113.071 78.209 114.771 0.999
94.jpg 87.023 84.252 123.333 85.588 115.541 116.716 78.861 131.833 108.409 134.135 0.999
95.jpg 80.310 73.803 113.870 78.184 104.565 105.213 71.613 119.592 94.308 123.974 0.999
96.jpg 112.037 91.894 124.248 91.310 134.417 123.859 103.904 145.026 111.453 146.139 0.999
97.jpg 48.643 88.642 95.548 86.147 63.704 120.805 58.116 138.013 97.210 136.033 0.999
98.jpg 69.216 76.664 112.928 73.645 99.088 109.285 68.233 122.576 104.321 120.888 0.998
99.jpg 29.422 63.980 48.425 62.138 29.131 90.568 48.498 103.775 62.177 101.654 0.999
100.jpg 29.444 63.480 62.000 63.982 33.489 90.902 37.798 106.638 61.627 106.718 0.999
101.jpg 41.415 119.561 46.581 116.223 38.734 152.517 69.321 162.347 71.914 158.108 1.000
102.jpg 54.166 70.878 99.570 70.667 80.966 98.460 57.290 112.778 94.661 112.883 0.999
103.jpg 40.631 87.185 64.212 88.096 34.741 113.995 48.554 136.974 65.247 137.245 0.999
104.jpg 45.407 71.497 44.776 71.098 34.704 98.337 59.993 111.780 59.891 110.452 0.995
105.jpg 93.887 82.421 109.248 82.801 107.167 113.493 77.613 127.011 85.828 128.597 1.000
106.jpg 35.677 68.422 61.684 70.005 34.998 94.684 45.381 110.669 64.031 111.630 0.999
107.jpg 51.505 72.361 94.258 84.659 50.263 98.142 40.479 126.560 73.420 136.872 0.999
108.jpg 83.456 71.601 98.052 70.778 99.230 98.975 69.402 112.155 78.904 112.669 0.999
109.jpg 89.515 73.545 119.504 71.389 117.415 100.204 85.200 119.040 107.570 118.241 0.999
110.jpg 60.686 69.782 103.590 72.605 84.356 101.162 60.452 112.818 95.516 115.484 0.999
111.jpg 101.819 72.140 115.799 70.204 125.684 97.459 96.301 118.614 105.869 118.374 0.999
112.jpg 53.666 76.003 57.430 77.504 39.840 98.723 59.437 118.020 62.797 118.658 0.997
113.jpg 50.771 69.213 95.652 67.684 73.547 95.219 57.887 113.587 90.174 112.554 0.999
114.jpg 47.190 91.616 56.075 92.369 37.544 123.100 62.675 139.982 69.559 139.784 0.999
115.jpg 50.473 74.142 95.288 70.279 75.943 100.251 56.981 112.340 92.736 109.409 0.999
116.jpg 28.128 62.525 48.706 63.845 24.210 88.064 38.856 104.592 53.468 105.251 0.999
117.jpg 96.736 73.558 113.536 72.294 119.199 100.457 87.876 119.011 99.684 119.164 0.999
118.jpg 85.086 76.062 101.454 84.521 95.663 112.371 61.096 119.161 72.463 127.403 1.000
119.jpg 43.882 54.688 85.233 62.452 60.858 89.097 41.881 91.776 70.999 98.356 0.998
120.jpg 78.448 74.813 118.663 72.559 110.293 105.930 74.626 120.601 109.646 119.500 0.999
121.jpg 45.502 73.913 54.496 70.294 43.447 97.898 67.415 111.314 72.432 108.354 0.998
122.jpg 33.904 69.713 72.343 72.191 38.854 95.715 38.810 112.386 67.576 114.578 0.999
123.jpg 60.256 65.449 100.940 72.520 83.704 96.185 55.548 110.068 87.917 116.302 0.999
124.jpg 41.731 72.717 49.002 74.835 29.617 98.191 48.682 115.313 54.923 116.442 0.999
125.jpg 60.056 66.325 101.164 69.007 84.950 92.694 59.576 113.385 94.143 116.013 0.999
126.jpg 36.264 63.445 75.795 65.343 48.937 91.594 42.965 105.648 73.119 107.333 0.999
127.jpg 49.695 98.370 103.936 112.258 55.601 144.038 40.181 166.486 91.491 177.841 0.995
128.jpg 84.119 125.667 177.280 116.767 132.456 168.530 98.639 214.919 177.814 207.967 0.999
129.jpg 89.245 64.754 97.547 64.153 107.175 88.889 82.076 107.735 88.346 108.568 0.999
130.jpg 33.380 63.639 60.331 63.103 35.213 86.590 40.385 101.910 63.087 101.299 0.998
131.jpg 217.429 155.636 265.068 160.245 283.300 220.056 209.201 269.897 249.793 276.630 1.000
132.jpg 29.014 66.879 52.541 62.202 30.890 85.904 42.432 101.727 63.922 96.470 0.999
133.jpg 11.637 48.294 30.555 48.969 1.743 66.928 11.134 90.001 25.177 90.315 0.998
134.jpg 38.579 61.889 47.261 61.742 29.517 89.082 49.674 105.089 57.856 104.498 0.999
135.jpg 86.148 89.682 144.469 95.132 122.735 124.656 84.276 149.997 132.609 154.618 0.999
136.jpg 84.882 66.294 98.696 66.342 107.588 90.406 82.342 108.959 92.595 110.243 0.997
137.jpg 51.048 94.208 100.738 94.844 54.017 128.040 55.102 159.594 95.338 160.427 0.999
138.jpg 77.570 82.045 121.530 82.002 108.523 105.984 84.139 133.016 117.890 133.318 0.999
139.jpg 35.361 66.870 66.133 66.834 36.338 91.233 40.599 106.158 70.168 105.941 0.999
140.jpg 43.491 69.457 81.688 73.355 48.765 93.736 42.531 115.255 72.449 118.812 0.999
141.jpg 84.859 67.738 100.487 64.676 111.972 88.111 89.704 111.537 100.618 110.141 0.999
142.jpg 92.358 68.701 107.320 67.529 114.862 96.062 86.224 114.715 94.622 115.203 1.000
143.jpg 62.930 78.497 108.284 76.694 90.329 101.881 66.638 125.644 108.491 124.519 0.999
144.jpg 77.258 85.763 123.944 86.749 110.811 115.920 83.854 140.523 117.378 141.903 0.999
145.jpg 39.701 63.067 82.631 65.023 49.544 84.684 39.318 107.330 77.458 109.514 0.999
146.jpg 87.409 70.563 103.080 70.336 111.347 94.011 86.004 115.152 96.478 116.186 0.999
147.jpg 71.559 69.032 110.943 69.702 101.679 97.039 72.973 117.392 102.567 118.336 0.999
148.jpg 45.399 76.422 88.461 70.501 62.445 95.878 55.816 120.665 89.955 116.062 1.000
149.jpg 80.315 64.223 106.511 67.734 111.335 86.245 85.042 111.281 106.594 114.989 1.000
150.jpg 52.647 70.267 96.638 68.453 75.464 94.340 55.026 113.076 97.746 111.966 0.999
151.jpg 50.375 68.242 90.588 61.446 74.664 86.808 59.854 110.709 93.487 105.279 0.999
152.jpg 46.296 70.655 91.022 67.211 66.431 92.741 50.680 113.566 92.340 111.192 0.999
153.jpg 48.575 60.997 88.907 64.124 66.051 86.649 48.222 102.848 82.794 105.804 0.999
154.jpg 37.761 60.612 56.204 60.204 30.905 83.352 45.871 101.822 61.390 101.149 0.999
155.jpg 48.993 68.854 51.692 68.098 36.409 95.322 60.171 113.548 64.112 112.226 0.999
156.jpg 63.528 59.725 107.888 74.700 82.988 90.808 52.211 104.698 89.569 117.387 0.999
157.jpg 46.432 51.350 81.939 70.189 54.477 85.242 30.512 84.622 60.000 100.354 0.998
158.jpg 57.651 59.057 96.472 55.772 89.172 74.749 67.264 105.054 99.614 102.680 0.999
159.jpg 69.596 70.185 107.359 76.809 95.442 94.063 67.248 117.846 102.114 123.803 0.999
160.jpg 84.522 63.491 93.409 59.613 112.185 81.938 93.299 111.913 100.244 110.017 1.000
161.jpg 52.804 62.202 91.379 66.396 73.374 85.996 51.643 102.162 83.218 105.908 0.999
162.jpg 81.897 60.371 103.801 64.039 103.550 88.209 72.039 104.258 91.278 108.121 0.999
163.jpg 54.607 62.556 98.594 64.903 78.950 89.580 53.901 104.261 94.342 106.725 0.999
164.jpg 46.420 41.234 49.773 25.029 82.045 42.077 80.882 82.146 82.728 70.399 0.999
165.jpg 37.747 52.461 44.127 54.047 24.783 79.769 45.556 98.343 51.921 99.122 1.000
166.jpg 83.786 62.635 91.971 61.451 103.443 81.953 81.899 103.320 88.616 103.543 0.997
167.jpg 37.589 63.879 50.429 65.118 30.125 87.689 44.882 102.861 57.403 103.437 0.998
168.jpg 41.318 72.419 77.701 67.509 49.304 94.521 49.705 122.819 78.563 118.846 0.999
169.jpg 90.595 72.190 109.897 68.388 123.429 90.211 99.570 119.256 116.229 117.229 1.000
170.jpg 54.079 63.404 93.996 64.481 76.379 88.579 53.308 103.432 90.073 104.784 0.999
171.jpg 34.673 63.491 50.047 58.613 35.362 88.691 54.802 100.807 67.891 96.048 0.999
172.jpg 66.475 64.028 94.795 78.283 78.805 96.664 47.465 101.771 67.109 114.268 0.999
173.jpg 52.817 76.829 95.091 65.518 79.351 97.195 64.559 117.973 104.624 108.802 0.999
174.jpg 35.526 62.549 63.480 53.461 55.276 76.695 57.504 78.705 75.750 71.592 0.998
175.jpg 43.393 74.290 79.396 70.969 47.976 95.762 48.704 119.179 82.020 116.702 1.000
176.jpg 68.620 56.310 95.410 57.035 96.408 78.624 66.126 95.044 89.306 96.508 0.999
177.jpg 45.753 76.214 88.317 75.299 51.267 98.861 46.387 130.418 84.099 130.069 0.999
178.jpg 33.870 65.470 67.978 63.235 39.026 84.686 36.252 105.002 69.068 103.469 0.999
179.jpg 37.292 59.038 50.026 56.613 30.352 86.313 50.638 104.025 64.730 101.457 1.000
180.jpg 53.124 71.028 93.827 64.988 79.018 92.092 59.001 111.153 98.764 106.482 0.999
181.jpg 40.571 72.277 76.777 66.632 50.670 91.962 49.622 112.235 83.372 107.833 1.000
182.jpg 42.156 66.326 80.343 57.590 60.045 86.166 52.603 104.066 89.470 97.015 0.999
183.jpg 33.372 54.800 46.330 53.553 27.836 80.213 45.819 94.416 57.958 92.873 0.999
184.jpg 42.858 55.547 84.677 53.532 67.616 79.838 45.641 95.927 84.939 94.455 0.999
185.jpg 29.415 61.600 56.977 52.105 33.825 73.845 42.223 99.533 66.808 91.828 0.999
186.jpg 50.523 63.416 93.270 65.361 72.362 88.215 49.443 104.721 90.262 106.786 0.999
187.jpg 101.735 64.823 102.748 66.496 117.644 89.035 93.317 109.895 95.933 112.790 0.999
188.jpg 38.711 73.688 81.114 60.693 55.909 88.219 52.742 113.941 94.353 103.566 0.999
189.jpg 49.459 56.514 86.885 58.936 70.328 78.416 51.576 98.283 81.692 100.526 0.999
190.jpg 32.589 51.839 61.160 62.634 28.990 76.007 25.658 90.106 48.264 98.849 0.999
191.jpg 39.723 61.149 47.095 60.754 30.097 85.484 49.197 102.837 55.680 102.037 0.999
192.jpg 52.333 72.259 95.431 61.605 80.199 89.144 62.436 112.778 104.438 104.355 0.999
193.jpg 46.679 77.970 87.539 70.551 65.537 99.888 54.841 116.273 95.017 110.456 1.000
194.jpg 44.854 77.581 86.075 64.158 68.504 94.724 61.385 115.585 97.617 104.607 0.999
195.jpg 33.208 54.588 71.941 51.907 49.972 73.754 38.102 92.492 72.493 90.549 0.997
196.jpg 30.281 67.313 56.667 61.885 34.860 92.525 45.021 108.541 66.963 103.801 0.999
197.jpg 46.733 65.260 85.735 67.435 59.916 87.275 46.466 109.094 77.302 111.154 0.999
198.jpg 38.944 68.512 75.919 60.439 55.609 89.339 49.498 105.551 84.823 99.014 0.999
199.jpg 77.216 65.599 98.026 73.823 90.988 96.330 58.100 103.908 76.141 111.675 0.999
200.jpg 71.849 74.589 108.918 77.464 97.717 98.883 70.692 117.145 102.550 119.811 0.999
201.jpg 45.603 73.660 56.204 72.414 36.794 97.925 57.402 120.207 62.592 118.531 0.999
202.jpg 74.764 50.991 90.244 48.455 100.916 68.121 77.386 92.120 89.310 90.987 0.998
203.jpg 39.708 64.305 79.445 62.686 50.173 85.348 42.115 105.088 79.639 104.058 0.999
204.jpg 32.770 65.578 64.939 61.304 36.750 87.697 41.193 107.680 69.652 104.043 0.999
205.jpg 76.722 62.914 96.253 62.833 101.793 85.374 76.318 104.695 91.449 105.627 0.999
206.jpg 56.565 90.634 116.123 84.677 88.146 113.700 69.205 146.329 112.921 141.571 0.999
207.jpg 85.173 109.291 157.528 110.599 121.489 153.151 89.493 179.260 147.634 180.600 0.999
208.jpg 170.106 250.340 328.299 283.154 236.092 377.077 154.641 389.021 292.352 416.427 0.999
209.jpg 188.529 254.541 345.248 251.013 292.240 333.338 215.039 429.337 335.323 426.531 0.999
210.jpg 201.039 258.375 357.354 251.868 307.249 338.748 229.319 435.723 349.757 430.572 0.999
211.jpg 33.706 57.276 51.404 55.977 26.590 78.417 37.862 100.221 52.440 98.986 0.999
212.jpg 47.548 67.225 89.854 65.667 66.394 89.274 53.246 113.991 85.917 113.035 0.999
213.jpg 66.226 56.213 92.082 57.007 90.088 77.106 66.944 95.064 87.174 96.134 0.997
214.jpg 91.245 135.982 175.947 130.567 129.275 189.506 98.265 214.480 179.052 210.535 0.999
215.jpg 567.765 652.929 990.505 665.721 846.469 868.077 627.950 1138.104 938.734 1150.183 0.999
216.jpg 212.814 183.449 270.385 177.599 287.637 249.640 212.152 305.738 256.995 303.557 1.000
217.jpg 106.376 207.658 186.169 213.248 88.325 278.198 110.197 344.235 178.780 348.747 1.000
218.jpg 188.921 316.658 377.879 324.880 241.492 451.367 199.564 503.561 372.801 510.830 0.999
219.jpg 45.681 74.307 87.530 61.901 70.379 93.764 63.246 119.795 95.707 109.711 0.999
220.jpg 49.496 79.437 96.599 75.030 73.383 105.047 55.910 127.455 98.643 124.174 0.999
221.jpg 104.962 213.857 185.243 186.846 156.812 283.427 204.157 300.373 251.693 279.312 1.000
222.jpg 46.380 68.762 94.040 64.819 70.165 89.531 51.554 109.162 95.890 106.250 0.999
223.jpg 139.142 144.098 220.060 149.947 195.069 201.988 136.146 237.111 200.737 242.466 0.999
224.jpg 78.168 67.453 90.505 67.109 103.527 89.389 79.236 111.764 87.341 112.601 0.999
225.jpg 38.489 72.363 73.191 74.017 38.135 97.121 40.552 120.286 68.705 121.752 0.999
226.jpg 85.302 120.154 164.543 134.161 106.577 159.155 76.208 201.101 144.035 213.123 0.999
227.jpg 54.056 76.801 100.078 65.013 82.804 91.825 70.832 122.750 107.194 113.288 0.999
228.jpg 265.745 273.260 413.472 270.920 384.947 366.488 266.874 439.616 400.880 439.481 0.999
229.jpg 348.100 333.617 557.753 412.430 455.332 490.573 279.413 549.898 462.654 617.398 0.999
230.jpg 77.944 114.530 148.028 110.195 110.381 152.003 91.137 183.115 145.869 179.933 0.999
231.jpg 147.431 147.737 210.384 141.274 211.574 189.713 160.647 232.780 205.558 228.678 0.999
232.jpg 267.865 246.015 339.203 243.401 360.674 311.758 276.328 378.170 325.343 379.336 0.999
233.jpg 296.322 337.824 479.629 311.579 441.370 447.096 330.473 543.390 475.402 523.002 0.999
234.jpg 53.649 73.773 67.726 76.951 37.992 100.065 52.457 124.308 65.357 126.454 0.999
235.jpg 259.481 408.583 456.656 456.721 252.643 551.415 227.624 668.092 387.208 708.506 1.000
236.jpg 146.761 179.510 253.636 168.201 219.150 234.075 169.107 296.899 253.297 288.009 0.999
237.jpg 113.853 172.106 233.256 161.420 160.348 236.359 141.401 289.944 234.494 281.564 0.999
238.jpg 170.357 280.735 343.910 285.848 226.797 395.513 190.522 459.401 323.841 464.470 0.999
239.jpg 468.481 445.080 655.088 411.423 640.313 613.971 439.456 697.116 577.001 675.641 1.000
240.jpg 198.658 160.040 254.457 170.668 247.244 234.692 156.877 258.100 205.395 269.261 0.999
241.jpg 212.810 179.214 266.372 171.020 292.287 226.158 232.784 290.610 278.106 286.001 0.999
242.jpg 112.811 186.541 227.937 178.973 161.060 254.850 139.601 306.830 223.494 300.960 1.000
243.jpg 96.511 83.935 99.034 80.994 110.753 105.679 88.831 125.423 90.000 124.310 0.998
244.jpg 30.189 67.611 66.975 63.026 41.939 89.230 41.710 109.818 69.252 106.168 0.999
245.jpg 63.796 77.880 110.625 78.224 91.739 108.570 67.501 126.667 100.913 127.107 0.999
246.jpg 435.404 429.019 645.259 457.170 577.653 602.807 400.825 693.379 538.280 722.036 0.999
247.jpg 177.168 296.721 351.637 267.938 266.026 388.656 219.680 461.846 365.343 439.100 0.999
248.jpg 178.261 288.292 365.102 247.707 271.420 313.601 229.347 464.276 380.349 432.084 0.999
249.jpg 56.213 106.934 112.686 104.877 68.678 146.510 69.241 177.835 110.666 176.079 0.999
250.jpg 85.159 49.993 92.049 47.313 100.370 69.151 74.755 84.432 80.727 83.655 0.998
251.jpg 29.813 72.412 61.440 69.200 38.429 99.112 49.296 113.175 73.015 110.546 0.999
252.jpg 99.595 84.721 121.167 81.530 131.217 109.666 100.883 135.298 117.692 133.878 1.000
253.jpg 193.182 251.639 391.279 262.790 290.735 316.126 202.800 429.047 365.112 439.317 0.999
254.jpg 40.830 63.623 52.562 61.301 36.740 88.891 53.389 101.664 65.732 99.152 0.998
255.jpg 38.380 75.760 71.371 69.597 45.867 100.097 51.524 118.445 79.176 113.307 0.999
256.jpg 84.621 149.628 170.246 130.693 132.292 197.005 107.052 227.554 186.887 212.418 0.999
257.jpg 108.173 76.505 110.212 74.372 132.559 103.529 110.090 136.524 110.023 136.442 0.998
258.jpg 75.246 117.314 147.917 115.717 107.863 162.360 79.779 183.918 148.303 183.061 0.999
259.jpg 75.316 97.458 138.920 96.372 111.969 126.446 84.773 163.440 132.275 162.762 0.999
260.jpg 135.982 105.854 152.666 104.969 174.597 135.918 137.729 172.205 150.266 173.447 0.998
261.jpg 76.262 89.966 140.237 91.583 115.739 118.163 80.359 150.269 135.290 151.878 0.999
262.jpg 44.471 65.247 85.868 61.886 67.151 89.697 47.842 103.080 87.122 100.687 0.999
263.jpg 61.232 107.407 128.021 95.010 98.300 138.898 77.453 169.248 134.773 158.860 0.999
264.jpg 69.044 100.896 133.470 122.671 89.003 151.960 58.977 157.656 107.728 175.320 0.999
265.jpg 226.055 187.559 318.880 157.346 349.982 234.131 279.794 329.879 349.314 307.541 0.994
266.jpg 199.534 219.507 335.879 234.293 289.232 325.771 179.615 360.315 296.144 373.094 0.999
267.jpg 251.996 143.080 453.755 131.892 378.713 276.013 252.874 332.159 450.594 322.730 0.998
268.jpg 43.026 66.960 85.755 62.208 58.168 90.920 47.743 106.082 91.305 102.669 0.999
269.jpg 285.978 412.135 549.351 391.657 429.935 522.795 316.449 652.309 560.003 636.010 0.999
270.jpg 65.822 77.073 117.509 76.924 99.271 102.634 71.803 132.550 118.994 132.710 0.999
271.jpg 183.004 162.982 264.378 167.686 266.211 215.444 205.706 287.407 268.696 292.523 0.999
272.jpg 225.543 209.717 336.996 225.780 311.391 292.068 209.378 342.906 317.557 357.496 0.999
273.jpg 68.099 44.677 68.909 43.804 78.025 53.887 72.565 70.241 73.084 70.188 0.995
274.jpg 159.999 173.110 271.023 169.212 237.748 225.276 181.579 297.194 264.968 294.499 0.999
275.jpg 116.731 139.648 212.864 141.285 172.714 190.394 130.960 241.459 199.670 243.415 0.999
276.jpg 404.252 432.407 623.560 462.539 560.665 598.278 399.005 714.630 569.019 741.294 0.999
277.jpg 69.015 56.324 86.154 54.914 91.100 74.160 67.506 90.629 78.973 90.323 0.999
278.jpg 122.358 181.466 245.227 171.979 170.136 247.531 136.227 311.669 246.867 304.800 0.999
279.jpg 137.165 240.216 282.514 205.569 209.729 305.179 176.288 362.656 318.470 334.563 0.999
280.jpg 124.327 176.686 242.999 177.444 183.201 238.452 135.861 285.967 235.819 287.249 0.999
281.jpg 52.769 71.147 99.856 68.491 77.600 102.384 53.997 114.578 100.462 112.668 0.999
282.jpg 123.660 113.907 174.514 109.746 171.723 155.154 129.571 190.763 168.321 188.511 0.999
283.jpg 46.526 75.143 95.154 72.326 71.243 106.333 57.380 121.625 92.936 119.347 0.999
284.jpg 49.230 86.537 100.362 83.307 67.171 113.005 59.812 141.633 96.794 139.200 0.999
285.jpg 294.112 384.038 515.976 370.903 428.390 505.994 328.242 606.595 494.483 596.733 0.999
286.jpg 95.783 116.029 166.615 118.656 133.383 159.481 99.921 192.061 157.810 194.742 0.999
287.jpg 97.510 116.499 168.728 119.103 135.313 159.896 101.077 191.810 160.449 194.519 0.999
288.jpg 61.156 130.893 115.192 132.587 61.473 177.246 69.429 211.893 114.430 212.875 0.999
289.jpg 89.450 73.173 101.717 76.648 101.294 105.118 68.757 115.069 77.218 119.381 1.000
290.jpg 190.318 194.256 295.143 203.109 277.086 260.398 199.434 333.252 285.852 341.674 0.999
291.jpg 166.059 163.059 259.213 177.204 234.634 209.945 172.344 271.437 242.966 284.166 0.999
292.jpg 143.261 147.999 229.192 168.560 186.354 214.636 131.396 246.633 194.848 264.438 0.999
293.jpg 60.027 80.493 111.775 76.407 90.884 108.456 72.088 138.108 109.477 134.878 0.998
294.jpg 110.729 189.008 244.039 190.566 149.902 269.693 118.796 336.591 227.225 338.963 0.999
295.jpg 78.948 61.308 88.417 58.958 103.458 77.497 84.211 103.552 92.044 102.631 0.999
296.jpg 240.177 209.734 327.206 217.633 327.570 299.745 216.990 353.154 303.784 362.572 0.999
297.jpg 69.900 94.716 132.218 92.309 100.932 130.751 81.469 167.928 127.385 166.089 0.999
298.jpg 210.757 350.939 410.421 332.434 284.509 482.873 253.139 548.240 429.969 533.649 1.000
299.jpg 206.671 245.910 372.124 240.490 315.346 348.565 212.645 408.077 359.537 404.130 0.999
300.jpg 60.408 83.070 109.643 79.730 83.983 105.961 63.454 126.313 112.032 123.972 0.999
301.jpg 45.427 65.356 88.603 67.683 62.031 87.018 43.216 103.683 86.191 106.047 0.999
302.jpg 47.345 63.336 88.573 61.531 66.918 84.461 49.523 101.306 88.874 100.116 0.999
303.jpg 26.597 48.866 56.589 54.218 22.984 68.928 22.276 88.745 46.064 92.925 0.998
304.jpg 43.825 70.684 85.784 64.828 64.062 89.433 48.792 107.543 90.424 103.085 0.999
305.jpg 40.477 73.172 84.522 62.952 61.600 88.096 49.745 110.790 93.026 102.641 0.999
306.jpg 102.429 138.528 191.843 139.175 146.208 180.693 103.380 218.158 189.485 219.547 0.999
307.jpg 60.858 46.449 66.689 41.040 83.185 58.364 66.162 80.953 70.504 77.723 0.999
308.jpg 26.030 53.926 50.521 48.197 29.936 80.893 43.750 93.725 66.488 88.697 0.999
309.jpg 71.035 59.153 88.506 53.340 99.614 74.567 79.787 100.164 93.444 96.237 0.998
310.jpg 53.358 82.603 101.607 78.463 75.712 106.362 60.276 128.816 102.329 125.687 0.999
311.jpg 48.769 71.180 95.741 67.806 70.533 91.257 54.620 115.040 96.622 112.515 0.999
312.jpg 23.540 53.591 44.351 51.767 20.266 76.940 31.888 95.326 49.177 93.588 0.997
313.jpg 28.264 57.737 59.536 55.683 31.491 83.414 37.060 99.144 64.119 97.276 0.999
314.jpg 62.662 81.743 109.423 81.446 85.671 108.480 63.305 125.477 108.129 125.671 0.999
315.jpg 48.181 74.618 95.863 70.499 74.771 99.703 57.853 121.413 93.764 118.219 0.999
316.jpg 47.888 68.305 92.218 65.772 71.352 92.711 49.267 103.925 94.796 101.975 0.999
317.jpg 36.277 67.789 73.062 65.827 47.559 88.835 40.475 102.291 76.233 100.849 0.999
318.jpg 47.776 71.705 92.122 70.074 64.338 95.345 49.845 110.347 94.372 109.325 0.999
319.jpg 49.450 73.596 96.585 63.416 76.498 93.381 60.292 116.585 103.334 108.494 0.999
320.jpg 174.587 204.452 294.892 198.346 257.949 276.358 187.088 335.393 281.955 330.837 0.999
321.jpg 44.404 80.162 91.587 77.079 60.978 103.557 50.396 122.618 94.737 120.177 0.999
322.jpg 42.795 70.755 48.168 71.854 34.578 94.493 55.959 107.076 60.592 106.690 0.999
323.jpg 210.913 187.106 251.282 163.753 300.403 243.581 232.504 316.681 260.353 301.702 1.000
324.jpg 28.741 59.198 51.572 60.524 25.691 83.587 34.197 102.121 51.170 102.860 0.999
325.jpg 69.045 54.963 74.713 51.337 85.178 73.452 69.505 93.118 72.691 91.079 0.995
326.jpg 121.668 212.435 243.105 191.724 170.447 272.758 159.026 344.338 251.133 327.440 0.999
327.jpg 171.606 305.858 335.546 291.497 207.882 396.161 206.646 506.456 330.447 495.360 1.000
328.jpg 94.317 72.815 114.657 72.369 121.283 95.790 92.294 116.967 110.162 117.673 0.999
329.jpg 28.717 69.628 55.385 66.213 34.455 97.279 46.329 107.801 67.950 104.488 0.999
330.jpg 49.573 71.710 95.005 71.162 71.204 98.967 52.206 113.600 93.714 113.470 0.999
331.jpg 78.085 96.923 137.842 92.877 114.919 129.141 88.527 160.488 131.943 157.271 0.999
332.jpg 418.872 651.773 905.070 754.330 552.725 924.896 364.257 1165.614 754.424 1254.758 0.999
333.jpg 39.377 70.858 82.981 72.809 50.033 95.160 41.760 118.670 75.858 120.685 0.999
334.jpg 42.018 71.587 79.318 70.212 47.619 96.649 48.891 116.405 80.865 115.227 0.999
335.jpg 35.716 70.921 75.017 70.201 42.065 92.191 39.577 109.781 77.029 109.324 0.997
336.jpg 52.682 69.345 103.302 77.372 71.884 95.074 47.767 114.679 90.942 121.751 0.999
337.jpg 43.443 64.580 85.590 63.752 56.858 86.071 45.488 109.792 81.996 109.571 0.999
338.jpg 464.473 679.850 876.462 675.155 634.005 914.605 464.466 1055.902 885.485 1056.389 0.999
339.jpg 55.419 78.963 107.618 80.916 76.383 104.148 54.980 126.941 105.933 128.956 0.999
340.jpg 191.490 238.694 338.190 233.147 283.680 318.172 187.368 372.383 345.502 368.298 0.998
341.jpg 178.608 185.852 289.544 177.645 272.058 234.868 196.938 305.955 299.323 300.159 0.999
342.jpg 41.772 82.227 95.486 77.596 56.057 115.163 54.412 148.775 88.479 144.962 1.000
343.jpg 78.554 154.467 132.713 143.124 70.934 203.635 102.389 255.967 149.856 246.135 1.000
344.jpg 40.506 63.299 56.861 61.129 32.573 88.284 49.733 109.319 62.404 107.215 0.999
345.jpg 365.700 563.662 705.336 543.140 508.442 747.648 385.496 875.668 727.937 861.255 0.999
346.jpg 41.560 73.540 84.833 70.001 55.656 95.490 48.085 118.623 86.660 115.904 0.999
347.jpg 259.205 331.195 456.736 312.993 398.469 421.592 288.074 534.898 459.388 521.019 0.999
348.jpg 51.238 72.265 99.093 71.572 75.121 94.963 56.235 116.040 95.675 115.749 0.998
349.jpg 273.424 452.255 521.463 432.387 386.050 599.353 321.944 693.945 514.956 679.482 1.000
350.jpg 88.313 180.554 179.116 181.395 97.432 243.407 99.336 293.018 176.446 294.011 0.999
351.jpg 39.934 84.461 78.429 71.997 61.881 107.918 68.390 118.111 97.722 107.839 1.000
352.jpg 46.140 69.832 89.241 74.562 58.220 93.205 43.565 113.011 82.885 117.277 0.999
353.jpg 139.637 127.305 185.181 129.379 188.952 169.012 140.910 203.205 180.146 206.243 0.999
354.jpg 84.621 66.291 95.527 65.211 103.463 86.793 77.842 102.488 88.255 102.880 0.998
355.jpg 32.844 72.736 63.119 68.575 39.138 97.622 46.324 110.650 72.199 106.744 0.999
356.jpg 96.342 227.727 175.855 216.524 100.346 301.913 138.131 361.453 197.128 351.459 1.000
357.jpg 182.860 352.631 371.041 357.745 218.712 484.755 200.189 552.223 381.876 555.951 0.999
358.jpg 46.394 80.525 92.391 83.923 57.045 112.095 47.911 130.508 86.507 133.571 0.999
359.jpg 67.475 146.404 146.324 127.809 101.027 194.799 106.788 231.399 161.181 215.710 0.999
360.jpg 52.275 70.438 103.122 71.617 75.676 92.446 54.608 112.902 100.407 114.536 0.999
361.jpg 56.372 76.821 107.566 72.677 86.385 99.417 68.172 130.559 104.910 127.422 0.999
362.jpg 64.914 98.807 123.487 95.622 89.539 133.377 76.877 166.568 117.302 164.185 0.999
363.jpg 61.440 108.363 72.425 106.716 36.914 141.392 67.979 180.580 73.892 178.254 1.000
364.jpg 49.848 79.227 96.105 75.997 68.898 101.802 59.628 130.905 92.053 128.366 0.999
365.jpg 108.827 70.281 121.659 70.317 129.846 96.797 101.352 116.266 109.412 117.797 0.999
366.jpg 44.356 87.339 85.644 84.774 53.485 118.025 57.363 140.872 86.920 138.651 0.999
367.jpg 84.321 77.816 123.296 82.210 116.370 104.807 83.145 125.788 115.584 129.904 0.999
368.jpg 85.043 167.187 127.637 165.114 62.530 213.312 97.953 257.934 135.798 255.337 0.997
369.jpg 155.059 207.859 180.077 217.012 113.704 287.800 171.111 343.171 190.074 348.929 1.000
370.jpg 86.471 151.509 176.490 147.476 115.998 193.291 99.544 250.452 168.764 247.507 0.999
371.jpg 345.416 480.917 652.228 496.763 471.092 657.146 351.612 802.310 616.073 817.974 0.999
372.jpg 109.020 108.114 162.887 107.213 154.671 139.266 121.231 177.974 161.340 177.615 1.000
373.jpg 94.543 164.144 185.568 167.999 109.090 233.002 109.292 274.647 179.804 277.801 0.999
374.jpg 121.643 217.267 170.855 214.115 111.482 289.972 159.406 335.304 199.147 331.244 0.999
375.jpg 49.308 72.871 98.128 78.303 65.472 107.317 49.486 125.163 88.070 129.931 1.000
376.jpg 604.036 894.890 1136.067 860.886 822.846 1215.778 698.051 1497.615 1103.763 1472.913 0.999
377.jpg 139.893 205.914 286.808 188.286 224.411 267.382 175.863 359.214 287.804 345.608 0.999
378.jpg 569.032 496.477 808.270 571.933 729.039 691.673 495.809 794.525 696.461 861.650 0.999
379.jpg 118.436 148.799 223.891 156.704 179.813 208.022 121.197 255.749 206.922 262.618 0.999
380.jpg 27.262 51.955 50.968 47.434 27.025 74.611 36.940 96.322 56.771 92.340 0.994
381.jpg 127.289 220.509 260.861 219.068 170.191 284.799 126.100 350.373 255.649 350.138 0.999
382.jpg 42.059 73.361 88.873 68.619 62.923 100.819 54.389 120.830 87.961 116.940 0.999
383.jpg 94.354 128.982 176.626 128.273 136.237 174.997 103.501 217.360 168.534 217.277 0.999
384.jpg 45.569 78.356 90.451 68.440 69.689 97.310 59.473 122.360 94.783 114.379 0.999
385.jpg 150.975 137.582 219.683 150.445 200.727 193.881 130.883 218.734 195.009 230.298 0.999
386.jpg 122.623 161.567 244.797 160.439 164.407 241.467 139.136 307.568 229.789 307.268 0.999
387.jpg 157.092 147.578 244.967 152.799 233.246 185.971 172.567 251.577 251.806 256.562 0.999
388.jpg 46.447 94.664 106.262 84.694 69.078 125.998 63.522 157.032 113.452 149.179 0.999
389.jpg 102.541 128.507 184.994 126.316 153.185 158.443 115.916 215.079 182.725 213.753 0.999
390.jpg 70.166 136.368 130.616 135.524 69.420 181.524 78.065 224.160 131.088 223.548 1.000
391.jpg 488.547 406.798 618.009 439.482 576.334 602.739 372.880 651.633 457.471 684.810 1.000
392.jpg 183.065 219.617 314.595 215.402 270.756 297.485 185.880 360.930 312.597 358.704 0.999
393.jpg 53.834 85.582 104.258 85.407 75.292 120.741 56.380 136.230 102.343 136.407 0.999
394.jpg 183.708 124.539 193.374 123.588 222.655 171.440 176.197 210.969 186.537 212.792 0.999
395.jpg 43.959 72.030 71.018 74.744 40.773 98.959 46.107 116.350 71.411 118.481 1.000
396.jpg 58.223 75.579 102.525 70.388 88.484 103.179 64.941 121.765 102.609 117.655 0.999
397.jpg 143.531 179.994 275.271 180.072 200.814 282.703 152.070 318.083 267.167 318.614 0.998
398.jpg 77.577 119.330 141.536 104.584 107.264 145.116 92.604 177.713 154.678 165.915 0.999
399.jpg 69.820 112.989 147.291 103.186 99.384 149.713 85.852 199.216 145.073 191.601 0.999
400.jpg 196.444 296.898 378.647 281.840 276.223 364.915 209.924 471.282 379.575 460.408 0.999
401.jpg 78.012 150.473 169.068 127.190 119.020 198.560 116.044 253.896 185.369 235.005 0.999
402.jpg 49.357 71.135 95.763 70.586 72.455 102.299 51.431 115.478 94.317 115.363 0.999
403.jpg 109.763 113.922 171.563 114.388 161.079 148.180 110.879 183.100 171.412 184.124 0.999
404.jpg 99.416 71.654 111.110 72.239 121.551 96.581 93.623 117.722 102.236 119.340 0.999
405.jpg 41.601 59.928 81.357 56.969 62.860 82.728 49.064 103.635 79.648 101.394 0.999
406.jpg 190.990 157.261 230.263 147.654 236.255 221.642 156.759 258.369 183.065 254.146 1.000
407.jpg 424.798 395.550 577.545 400.354 572.063 538.917 407.116 634.029 541.538 642.536 0.999
408.jpg 53.925 76.710 101.330 72.571 78.275 102.405 61.648 123.969 99.727 120.838 0.999
409.jpg 105.272 202.363 193.295 178.252 118.716 259.614 140.399 335.424 218.277 315.875 1.000
410.jpg 46.575 83.044 86.131 82.727 47.450 117.035 54.460 140.104 90.120 139.689 0.999
411.jpg 43.896 74.458 95.878 68.636 69.000 94.810 54.342 124.104 95.782 119.573 0.999
412.jpg 214.008 266.956 406.923 287.595 298.627 377.498 218.365 473.113 363.312 491.069 0.999
413.jpg 451.787 244.668 460.783 223.355 531.063 285.021 481.151 376.601 486.188 363.722 1.000
414.jpg 146.623 296.877 244.912 300.400 129.413 412.336 184.406 486.765 262.243 487.833 0.999
415.jpg 32.107 57.026 61.538 60.265 27.838 78.056 30.350 101.949 52.907 104.473 0.999
416.jpg 77.995 162.917 131.000 180.930 57.577 225.417 80.959 265.377 119.608 278.759 0.999
417.jpg 217.423 209.926 280.196 174.858 324.146 239.718 272.168 330.145 318.434 303.382 1.000
418.jpg 44.724 64.498 87.099 60.231 70.991 84.055 51.070 104.613 88.623 101.373 0.999
419.jpg 99.645 150.635 202.866 151.855 137.894 209.080 110.649 265.254 187.319 266.962 0.999
420.jpg 115.700 186.905 187.368 177.185 102.829 243.815 127.216 325.299 180.598 316.870 1.000
421.jpg 33.255 74.171 79.740 61.157 50.290 82.058 43.271 120.074 82.990 109.889 1.000
422.jpg 47.628 83.803 57.553 82.344 35.567 118.562 64.713 140.301 72.689 138.398 1.000
423.jpg 181.080 312.757 193.777 307.961 170.474 429.435 284.349 460.723 286.877 451.637 0.999
424.jpg 259.435 382.144 486.052 370.627 348.478 527.292 291.817 636.134 478.585 627.830 0.999
425.jpg 176.844 203.749 308.790 205.324 252.431 303.125 174.629 337.784 292.229 339.889 0.999
426.jpg 142.701 244.722 208.173 247.928 124.466 343.074 173.285 405.572 222.990 406.452 1.000
427.jpg 118.401 122.184 179.857 118.717 172.777 166.290 119.207 199.743 172.067 197.838 0.999
428.jpg 447.091 660.284 705.216 692.080 321.710 847.136 374.024 1139.178 566.257 1163.004 1.000
429.jpg 275.582 225.208 348.756 217.381 362.016 300.795 267.454 363.727 333.579 360.841 0.999
430.jpg 63.924 89.587 116.432 94.536 85.698 120.060 57.357 137.032 113.021 141.607 0.999
431.jpg 190.349 316.467 373.258 300.447 271.173 409.862 232.781 516.047 367.410 503.452 0.999
432.jpg 253.874 396.603 495.669 378.641 353.662 531.419 291.018 623.216 504.220 609.927 0.999
433.jpg 38.141 61.209 77.755 57.765 54.194 91.286 45.676 107.434 76.878 104.790 0.998
434.jpg 83.439 59.685 94.365 63.127 104.140 86.098 74.565 104.561 85.497 108.550 0.999
435.jpg 78.882 139.552 165.522 130.104 107.971 192.437 99.230 237.001 165.594 229.546 0.999
436.jpg 83.554 74.335 119.659 71.289 122.662 96.695 89.662 123.199 122.023 121.276 0.999
437.jpg 174.923 226.101 191.318 234.351 98.238 328.392 177.007 419.791 187.387 423.785 1.000
438.jpg 143.907 126.551 188.803 119.347 193.779 161.392 151.254 201.456 188.134 196.861 0.999
439.jpg 103.303 123.907 174.663 116.261 154.695 159.007 119.070 204.363 177.765 198.488 0.999
440.jpg 51.438 83.354 104.233 85.764 69.357 115.124 51.336 144.992 91.488 147.399 0.999
441.jpg 31.952 21.626 37.872 21.291 38.900 26.478 33.638 33.687 38.333 33.617 0.995
442.jpg 53.352 66.271 98.466 65.175 83.800 84.711 59.403 111.510 100.370 110.880 0.999
443.jpg 88.122 123.887 159.941 111.771 136.014 162.242 102.164 192.174 164.535 182.501 0.999
444.jpg 304.304 492.292 630.338 449.586 463.941 689.277 401.653 835.406 640.561 799.723 0.999
445.jpg 60.835 87.100 113.187 81.755 90.268 115.923 70.603 136.841 112.675 132.569 0.998
446.jpg 85.912 85.124 132.148 76.429 130.622 111.090 100.207 142.288 133.732 135.590 0.999
447.jpg 130.893 218.367 266.628 202.842 196.040 289.202 164.093 353.699 262.043 341.380 0.999
448.jpg 35.858 81.356 79.790 85.940 40.888 114.095 38.592 135.302 68.057 139.042 0.998
449.jpg 50.697 89.359 96.570 81.711 59.204 112.691 59.922 148.691 99.684 142.813 1.000
450.jpg 87.245 179.679 180.681 162.093 113.181 237.764 116.081 287.006 205.902 272.290 0.999
451.jpg 250.813 359.118 488.428 398.276 322.888 537.534 236.731 629.355 430.096 662.395 0.999
452.jpg 84.056 56.870 90.297 56.340 100.925 79.844 72.156 95.634 80.018 96.699 0.998
453.jpg 39.915 70.044 85.396 67.197 50.776 85.844 43.184 121.517 76.642 119.670 0.999
454.jpg 85.182 73.553 113.128 68.440 124.125 92.805 94.468 123.452 117.852 120.143 1.000
455.jpg 163.409 190.969 267.300 246.578 189.904 331.134 101.066 347.498 189.044 388.426 0.135
456.jpg 105.429 165.503 117.341 168.145 57.963 245.520 121.733 303.843 133.100 303.295 1.000
457.jpg 38.020 47.405 60.631 43.157 55.186 81.266 23.740 89.030 34.102 86.694 0.999
458.jpg 131.939 186.105 253.203 178.304 184.408 262.554 149.509 315.675 247.640 309.905 0.999
459.jpg 78.696 61.872 80.709 58.447 94.133 81.654 74.573 101.166 77.242 99.697 0.997
460.jpg 42.176 97.154 71.184 94.619 30.644 129.927 52.651 163.199 78.414 160.641 1.000
461.jpg 97.955 207.159 172.680 208.799 85.293 271.200 109.037 325.479 180.193 326.239 0.999
462.jpg 55.549 85.318 108.616 79.723 81.904 115.062 59.360 134.838 112.443 130.686 0.998
463.jpg 121.098 210.533 172.801 202.469 117.948 291.178 169.690 322.594 222.077 314.304 1.000
464.jpg 80.486 79.202 116.485 76.517 112.906 101.441 88.063 127.574 117.047 125.922 0.999
465.jpg 75.544 160.153 163.295 133.408 117.107 208.202 119.947 255.879 185.565 233.827 0.999
466.jpg 141.638 236.068 258.288 244.526 156.779 331.085 154.079 387.411 246.201 394.238 1.000
467.jpg 384.919 284.886 395.846 285.095 446.978 393.292 347.701 465.253 359.902 470.697 0.999
468.jpg 117.751 132.821 187.562 150.163 153.220 182.202 100.671 198.755 168.985 214.095 0.999
469.jpg 71.650 71.818 97.944 63.009 109.766 85.929 87.986 116.162 106.597 109.509 0.999
470.jpg 33.321 63.981 37.220 58.218 32.130 88.483 58.562 98.609 61.694 92.692 0.999
471.jpg 151.187 118.222 163.096 114.401 175.730 154.816 131.009 176.006 141.865 175.078 0.999
472.jpg 51.428 66.652 101.307 64.814 74.307 99.597 55.895 114.572 102.205 113.244 0.999
473.jpg 85.079 96.004 138.795 96.679 119.681 129.662 85.974 156.026 133.587 157.007 0.999
474.jpg 505.288 523.331 786.877 543.613 706.010 735.949 468.083 832.812 709.866 851.769 0.999
475.jpg 234.250 249.164 372.779 259.523 327.856 352.422 215.529 401.894 344.657 411.588 0.999
476.jpg 121.958 114.599 176.515 117.911 170.891 157.310 128.626 197.205 173.621 200.885 0.999
477.jpg 340.167 228.684 400.378 228.545 455.837 300.941 367.744 411.875 418.361 415.345 0.999
478.jpg 107.420 131.211 176.485 127.095 158.585 173.942 103.919 196.386 174.041 193.485 0.999
479.jpg 99.868 74.143 112.211 74.210 125.671 99.373 95.714 122.065 108.141 123.514 0.999
480.jpg 176.190 203.825 298.583 190.400 269.260 284.730 187.801 340.433 295.433 329.957 0.999
481.jpg 90.172 167.156 185.394 158.991 114.077 229.587 106.290 274.238 195.294 267.975 0.999
482.jpg 94.387 186.323 198.286 184.403 108.584 251.431 106.723 305.045 202.127 303.824 0.999
483.jpg 120.120 267.179 267.584 252.938 160.277 357.203 163.311 432.735 278.854 421.062 0.999
484.jpg 153.853 172.920 264.866 153.613 246.718 232.942 183.013 298.170 262.174 282.578 0.999
485.jpg 473.735 487.688 706.765 494.753 658.255 674.474 426.031 758.550 642.953 767.646 0.999
486.jpg 306.770 319.014 473.670 359.813 399.221 471.789 252.850 506.784 401.738 542.170 0.999
487.jpg 311.585 429.690 567.034 410.545 440.506 575.982 329.847 682.321 578.982 668.887 0.999
488.jpg 208.957 386.413 347.145 357.033 215.510 514.119 265.443 620.985 411.451 595.105 0.999
489.jpg 143.476 241.010 287.242 200.980 229.852 298.312 175.529 354.772 323.989 322.390 0.999
490.jpg 86.160 120.159 156.955 112.925 115.385 144.818 88.977 186.955 160.442 181.860 1.000
491.jpg 267.778 392.289 511.572 403.796 361.836 539.730 253.527 620.773 504.625 631.956 0.999
492.jpg 54.672 126.302 103.908 115.604 56.773 168.634 84.904 206.869 122.095 197.461 0.999
493.jpg 254.687 233.938 402.651 267.161 359.255 309.631 229.653 391.193 374.934 420.498 0.999
494.jpg 97.728 207.499 214.731 186.371 154.079 289.135 139.944 323.413 237.702 305.333 0.999
495.jpg 199.229 343.459 400.435 327.576 268.901 458.931 231.466 557.355 402.679 545.785 0.999
496.jpg 59.282 72.305 100.967 66.344 90.077 94.142 66.451 117.160 103.771 112.505 0.999
497.jpg 337.909 420.045 561.954 379.296 521.214 565.764 370.387 674.805 541.004 642.660 1.000
498.jpg 49.745 83.150 97.436 71.196 76.387 106.656 67.681 133.758 103.536 124.059 0.999
499.jpg 168.883 116.305 174.156 115.230 195.057 161.629 151.978 193.212 156.722 194.782 0.999
500.jpg 192.636 360.930 389.974 358.384 233.582 493.287 217.346 580.091 397.603 578.788 1.000
501.jpg 61.744 71.334 105.550 75.914 85.315 107.135 56.087 118.137 92.826 122.517 0.998
502.jpg 129.369 110.364 184.496 110.004 175.489 159.988 118.537 181.604 168.120 182.619 0.999
503.jpg 187.909 171.813 190.694 169.819 200.822 211.599 153.947 225.072 157.726 226.191 0.999
504.jpg 483.079 639.547 901.300 612.827 713.580 894.109 543.053 1091.550 900.087 1071.962 0.999
505.jpg 253.704 451.935 464.181 455.197 262.040 627.849 284.494 763.310 453.828 766.008 0.999
506.jpg 117.260 218.873 135.240 217.834 106.066 295.011 163.083 324.724 174.105 321.085 0.998
507.jpg 54.697 74.105 103.291 67.789 84.981 97.712 62.372 120.239 107.308 115.231 0.998
508.jpg 166.167 133.847 188.318 133.676 207.298 178.624 161.431 217.397 177.039 219.489 0.999
509.jpg 352.794 593.958 702.505 590.323 486.489 796.942 393.848 959.427 665.852 958.071 0.999
510.jpg 127.254 157.540 218.996 157.757 189.741 203.351 147.984 266.736 212.466 267.465 0.999
511.jpg 32.782 79.477 61.439 76.680 38.671 105.670 48.561 116.951 77.133 114.341 0.999
512.jpg 213.911 220.080 346.439 224.968 308.716 284.795 227.937 368.103 343.091 373.476 0.999
513.jpg 181.068 333.648 304.144 327.815 167.955 460.050 210.834 558.708 328.828 552.618 1.000
514.jpg 237.225 426.516 468.984 391.625 340.067 573.264 307.418 670.330 494.457 642.238 0.999
515.jpg 289.098 332.555 475.353 313.432 417.898 446.176 318.042 537.949 467.450 522.544 0.999
516.jpg 56.732 85.164 109.726 88.725 69.835 117.078 57.880 147.766 101.014 150.974 0.999
517.jpg 112.425 177.544 137.968 173.528 94.464 248.511 143.655 286.055 169.379 281.405 1.000
518.jpg 172.373 184.303 256.370 168.411 254.517 239.556 195.073 294.315 262.045 282.204 0.999
519.jpg 42.931 68.979 85.887 66.632 62.205 96.249 52.713 115.703 83.889 114.056 0.999
520.jpg 33.236 63.349 63.462 66.078 33.547 89.289 38.815 107.316 61.629 109.413 0.999
521.jpg 43.390 75.845 83.611 68.537 63.120 99.375 59.151 116.730 90.900 110.625 0.999
522.jpg 92.436 144.547 175.511 129.228 138.858 184.999 120.076 236.655 179.215 224.350 0.999
523.jpg 86.078 137.303 156.755 153.086 96.911 195.897 82.270 220.590 135.711 233.535 1.000
524.jpg 105.465 146.014 190.352 140.555 149.943 194.902 108.041 222.911 195.279 219.211 0.998
525.jpg 239.258 249.127 330.330 261.221 323.290 349.504 191.755 386.275 280.756 399.433 0.999
526.jpg 332.647 318.293 476.561 283.513 470.749 422.708 332.469 491.341 462.120 465.882 0.999
527.jpg 171.339 180.369 261.774 172.619 245.379 232.868 186.174 288.123 265.433 282.493 0.999
528.jpg 60.339 51.173 73.834 49.308 80.565 68.700 59.583 85.877 70.412 85.235 0.998
529.jpg 73.025 63.593 83.309 59.940 90.890 83.079 68.106 98.614 73.894 96.816 1.000
530.jpg 69.182 120.825 141.368 93.778 107.930 156.623 100.513 189.016 172.281 166.686 0.999
531.jpg 176.845 234.509 334.420 237.161 243.619 313.734 187.714 405.351 313.193 408.596 0.999
532.jpg 119.230 220.854 250.340 214.770 166.909 300.547 137.070 376.787 241.858 372.480 0.999
533.jpg 71.384 124.440 90.356 122.173 62.851 170.870 97.935 194.042 113.171 190.905 0.998
534.jpg 161.551 190.262 276.208 188.624 236.533 255.972 159.457 303.049 273.111 302.670 0.999
535.jpg 90.707 152.716 176.702 154.687 106.606 208.885 92.810 256.236 167.076 258.304 0.999
536.jpg 151.888 136.713 227.604 132.719 213.843 204.134 145.582 243.319 197.039 242.151 0.999
537.jpg 281.388 222.131 434.110 253.730 404.771 307.712 275.223 404.217 400.856 431.362 0.999
538.jpg 208.496 214.881 323.482 222.910 283.027 316.697 188.267 345.706 283.085 353.682 0.999
539.jpg 328.845 265.677 434.341 268.068 451.938 345.341 351.118 447.532 440.729 452.613 0.999
540.jpg 109.573 96.538 109.584 106.982 102.823 147.649 59.044 144.167 52.524 155.325 1.000
541.jpg 56.330 110.849 96.206 107.190 47.321 148.885 63.075 194.143 93.071 191.100 1.000
542.jpg 76.622 102.912 143.565 105.583 110.194 154.869 71.226 164.853 139.706 167.767 0.999
543.jpg 325.542 586.680 611.211 575.923 337.063 771.891 351.115 969.909 605.618 962.442 1.000
544.jpg 98.977 153.273 188.749 152.688 134.959 212.471 101.740 242.365 187.349 242.670 0.999
545.jpg 190.561 139.036 206.168 137.290 230.825 196.581 159.966 229.093 180.087 230.866 0.999
546.jpg 36.860 49.443 73.214 51.065 53.862 69.194 36.808 82.974 70.714 84.359 0.999
547.jpg 31.065 58.841 62.984 53.084 37.602 71.843 35.885 97.145 65.521 91.727 0.998
548.jpg 31.544 81.001 65.085 65.350 41.018 102.724 56.981 124.768 91.389 111.210 1.000
549.jpg 46.713 65.417 91.546 63.161 68.045 87.206 49.793 107.697 91.052 106.364 0.999
550.jpg 52.261 62.599 93.903 62.027 77.157 91.514 52.242 103.876 89.495 103.822 0.999
551.jpg 55.268 67.250 98.364 66.839 83.349 87.599 56.236 106.675 97.914 106.625 0.999
552.jpg 60.719 54.942 90.889 48.469 91.469 70.717 68.340 91.728 94.628 86.794 0.998
553.jpg 39.594 78.615 58.349 77.626 28.673 109.938 54.194 131.624 71.841 130.068 0.999
554.jpg 68.154 58.766 108.514 65.403 100.606 80.704 67.435 103.974 102.667 109.980 0.999
555.jpg 35.390 80.219 85.273 77.514 49.946 108.953 43.092 130.706 87.068 128.507 0.999
556.jpg 39.586 65.663 75.591 49.698 68.297 80.264 54.486 96.783 87.285 83.615 0.999
557.jpg 46.820 61.293 90.549 61.026 68.493 84.589 47.359 101.815 89.235 102.043 0.998
558.jpg 27.513 58.002 48.228 54.132 24.846 75.480 38.808 94.304 57.623 89.610 0.999
559.jpg 70.847 56.669 86.183 46.921 103.857 67.772 88.984 100.258 99.351 93.059 0.999
560.jpg 34.939 61.717 74.490 55.931 47.814 75.112 41.162 97.836 79.059 93.298 0.998
561.jpg 50.335 60.813 83.226 51.691 76.319 74.801 62.360 97.458 87.435 90.177 0.999
562.jpg 80.773 50.360 85.022 49.862 98.838 72.267 69.555 87.062 75.113 88.563 0.998
563.jpg 66.775 59.020 104.182 61.663 96.154 82.306 63.059 101.340 100.131 103.986 0.998
564.jpg 164.982 208.979 294.275 188.584 238.243 284.511 182.308 333.887 306.418 317.982 0.999
565.jpg 95.843 85.624 144.806 87.973 139.680 112.304 102.338 147.231 143.009 149.817 0.999
566.jpg 97.019 151.604 191.933 141.860 147.219 204.230 115.702 247.260 190.671 239.661 0.999
567.jpg 74.054 62.651 95.984 60.022 104.429 80.956 79.994 104.492 97.830 103.131 0.999
568.jpg 45.399 67.797 75.434 71.524 42.339 92.045 44.883 113.036 69.682 116.134 1.000
569.jpg 37.117 122.756 85.759 103.746 66.880 153.997 73.341 173.492 108.188 157.939 1.000
570.jpg 107.327 168.784 215.976 180.433 118.835 229.656 102.774 296.492 185.430 306.477 0.999
571.jpg 89.931 166.830 165.421 107.927 152.206 164.303 153.439 226.108 220.009 178.166 0.999
572.jpg 145.666 157.973 230.794 154.773 211.715 220.296 152.194 266.811 218.414 264.832 0.999
573.jpg 110.985 171.993 196.253 175.697 122.713 245.578 123.757 293.907 195.533 296.524 0.999
574.jpg 138.242 204.924 261.559 200.496 201.749 283.618 156.597 336.632 250.329 333.878 0.999
575.jpg 243.746 404.869 452.725 378.053 380.491 527.421 291.220 643.426 447.039 621.931 0.999
576.jpg 96.880 116.369 168.704 122.334 131.682 166.242 93.759 187.885 152.815 193.117 0.999
577.jpg 562.581 761.444 1112.083 792.202 710.379 1126.960 585.352 1315.728 1083.896 1343.298 0.999
578.jpg 179.412 238.680 330.927 222.246 270.042 312.783 198.710 378.129 336.181 364.977 0.999
579.jpg 85.026 173.596 108.751 174.267 55.744 236.132 103.861 279.159 124.245 278.567 1.000
580.jpg 69.969 66.202 104.892 63.838 103.545 92.382 72.704 114.288 100.589 113.033 0.999
581.jpg 38.236 68.670 78.179 67.587 51.957 93.378 43.964 108.771 78.642 107.874 0.998
582.jpg 56.413 61.904 89.077 56.689 85.913 79.877 65.184 100.997 88.304 96.941 0.997
583.jpg 50.921 72.768 96.522 69.368 73.952 94.121 57.580 119.278 97.018 116.833 0.999
584.jpg 68.859 146.253 138.063 135.164 81.058 195.932 92.223 235.934 149.935 226.709 0.999
585.jpg 149.137 298.957 288.894 275.645 173.695 401.978 198.516 485.573 318.156 465.716 0.999
586.jpg 240.280 335.953 466.835 322.700 353.139 452.412 274.930 567.901 458.978 558.644 0.999
587.jpg 243.186 270.135 411.990 273.219 353.054 381.052 237.044 431.008 377.284 434.297 0.999
588.jpg 53.185 86.884 91.986 85.858 56.441 118.834 56.795 141.699 94.506 140.804 0.999
589.jpg 81.013 186.144 176.997 177.290 93.743 255.186 106.969 319.637 175.234 311.823 0.999
590.jpg 165.497 165.958 258.021 167.658 242.485 209.989 184.688 276.002 260.510 278.041 0.999
591.jpg 157.755 246.976 310.899 252.183 219.700 342.252 163.473 394.810 298.848 399.760 0.999
592.jpg 435.405 759.085 840.957 710.405 622.126 1002.863 495.728 1128.008 887.584 1090.471 0.999
593.jpg 111.497 202.401 205.782 220.313 116.700 282.234 110.912 329.169 184.047 343.487 1.000
594.jpg 193.469 146.132 216.874 150.144 235.758 205.183 168.327 242.484 188.614 248.787 0.999
595.jpg 141.340 263.069 297.627 277.950 179.015 387.815 179.876 430.034 290.190 440.555 0.999
596.jpg 36.359 91.102 51.872 75.009 52.018 109.423 75.020 111.700 84.210 97.954 0.999
597.jpg 51.121 110.865 83.434 110.562 46.515 154.202 71.478 179.697 95.704 178.471 0.999
598.jpg 226.429 504.708 407.845 481.921 217.189 660.365 294.110 801.930 444.047 782.269 0.999
599.jpg 49.192 76.781 97.120 84.996 58.461 108.370 44.441 123.169 89.807 130.249 0.999
600.jpg 110.347 170.304 215.397 167.350 162.389 217.426 122.322 264.601 213.150 262.891 0.999
601.jpg 127.646 142.794 231.534 141.730 191.073 180.060 138.362 239.671 230.384 239.533 0.999
602.jpg 454.334 351.638 611.526 377.157 621.706 514.127 441.349 629.535 568.194 655.127 0.999
603.jpg 182.657 172.456 281.232 166.707 276.635 220.570 215.501 305.179 296.838 301.526 0.999
604.jpg 171.592 158.765 245.411 156.386 241.932 210.714 182.261 261.763 242.746 260.975 1.000
605.jpg 81.557 71.193 109.109 74.527 108.207 97.221 81.787 116.599 102.805 120.016 1.000
606.jpg 79.236 56.736 89.259 55.990 98.648 79.376 72.425 97.506 81.476 98.162 0.998
607.jpg 85.885 72.912 93.674 70.012 108.715 91.254 90.204 116.074 96.315 114.910 0.999
608.jpg 180.779 175.762 239.445 175.887 253.869 232.157 185.906 287.044 234.830 289.655 0.999
609.jpg 69.782 76.367 119.633 85.195 92.401 109.672 66.682 136.193 106.562 143.659 0.999
610.jpg 113.868 91.979 138.837 84.379 146.219 135.942 93.207 159.257 105.666 155.689 1.000
611.jpg 46.110 82.004 97.304 81.980 64.356 117.567 58.055 137.847 94.870 137.832 0.999
612.jpg 61.329 55.397 91.453 52.769 91.198 72.161 67.270 92.690 93.250 90.804 0.998
613.jpg 89.273 101.105 142.972 116.643 113.022 151.774 66.951 156.225 113.416 170.122 1.000
614.jpg 165.390 217.090 292.974 274.537 192.336 326.544 129.961 351.963 226.473 398.956 0.999
615.jpg 261.722 380.679 506.714 362.799 397.556 522.360 290.307 615.617 508.336 602.539 0.999
616.jpg 31.600 70.383 62.295 65.091 39.786 95.544 49.312 112.170 71.029 107.508 0.999
617.jpg 53.759 91.362 110.421 84.309 78.972 128.544 70.789 153.281 112.321 147.575 0.999
618.jpg 56.707 75.440 104.795 82.837 72.982 109.787 53.651 127.861 93.577 134.249 0.999
619.jpg 235.507 234.222 377.500 233.959 341.137 339.484 225.676 393.009 351.492 394.363 0.999
620.jpg 84.729 98.766 141.449 94.149 120.093 133.288 98.562 171.853 140.370 168.326 0.999
621.jpg 7.037 37.402 10.968 38.528 3.552 46.712 10.814 54.228 13.259 54.629 0.999
622.jpg 75.093 75.195 113.454 80.191 104.321 106.556 72.204 125.555 102.786 130.027 0.999
623.jpg 89.945 63.648 94.029 63.142 107.891 86.825 84.435 106.057 88.878 107.029 0.993
624.jpg 34.644 68.600 68.260 68.559 37.599 92.787 39.782 114.663 63.535 114.657 0.987
625.jpg 165.764 286.123 315.540 272.595 203.695 377.478 199.005 465.032 322.715 454.457 1.000
626.jpg 71.445 95.519 121.672 91.082 98.981 129.491 84.526 133.874 116.488 130.848 0.999
627.jpg 120.156 142.465 202.643 139.025 174.936 193.074 130.910 232.614 191.162 230.149 0.999
628.jpg 58.963 82.043 110.593 85.842 83.619 114.853 62.605 128.488 103.454 131.803 0.999
629.jpg 75.281 86.116 132.813 84.121 110.826 120.905 82.807 143.012 125.579 141.314 0.999
630.jpg 55.572 60.892 95.901 62.126 83.763 89.850 54.600 104.762 88.724 106.413 0.999
631.jpg 41.233 61.390 88.634 66.161 59.019 95.438 41.966 107.145 83.755 111.468 0.998
632.jpg 603.007 770.684 1118.355 684.475 965.708 1076.200 729.771 1327.386 1130.319 1256.464 0.999
633.jpg 143.968 262.548 301.359 270.440 182.260 384.095 153.113 441.652 288.548 447.932 0.999
634.jpg 41.721 66.884 85.749 54.575 64.504 83.199 55.789 110.307 93.174 100.365 0.999
635.jpg 48.518 67.664 96.443 66.389 71.862 91.336 53.993 114.469 93.287 113.747 0.999
636.jpg 63.565 76.882 109.338 76.292 92.912 102.111 66.521 123.975 105.044 123.654 0.999
637.jpg 62.435 71.247 108.975 70.416 92.002 97.215 65.392 119.137 104.341 118.568 0.998
638.jpg 47.818 73.136 96.028 74.650 71.659 104.069 48.375 113.817 94.212 115.371 0.999
639.jpg 46.955 77.763 93.475 78.245 66.446 108.106 52.399 123.304 89.533 123.879 0.999
640.jpg 99.660 91.976 135.328 78.591 147.451 118.114 118.640 155.602 140.477 145.536 1.000
641.jpg 218.551 208.546 321.568 215.315 301.777 291.753 198.562 337.026 296.486 344.236 0.999
642.jpg 48.802 69.817 96.568 65.020 76.118 93.277 56.152 114.192 96.987 110.570 0.999
643.jpg 174.235 272.496 358.758 270.277 244.821 379.819 187.554 451.653 349.497 451.099 0.999
644.jpg 121.718 150.632 243.918 147.855 190.900 205.670 133.166 264.285 242.273 262.220 0.998
645.jpg 50.317 67.581 92.045 51.122 83.473 84.338 68.058 108.808 102.311 95.193 0.999
646.jpg 156.345 178.329 262.180 166.431 236.000 234.733 169.374 285.428 263.116 276.261 0.999
647.jpg 43.637 70.304 86.578 68.633 59.887 92.815 48.348 115.027 82.740 114.081 0.999
648.jpg 176.916 305.340 349.389 279.448 258.219 400.383 215.135 471.655 368.802 451.370 0.999
649.jpg 208.669 182.919 282.316 183.824 286.464 259.016 192.092 300.494 258.684 303.744 0.999
650.jpg 251.354 161.292 245.126 161.529 289.958 237.442 227.149 290.280 221.210 294.791 0.999
651.jpg 46.686 78.922 97.337 78.584 69.625 105.322 47.548 120.011 98.379 119.956 0.998
652.jpg 163.870 269.279 329.835 265.482 209.004 363.784 189.094 454.433 316.592 451.755 0.999
653.jpg 101.610 71.929 126.507 70.835 136.721 98.776 102.022 128.841 120.425 129.361 1.000
654.jpg 336.738 365.883 526.191 385.943 459.081 512.680 318.284 586.591 467.589 606.207 0.999
655.jpg 186.239 272.789 357.733 261.795 269.408 374.925 202.724 439.424 360.986 431.784 0.999
656.jpg 311.374 253.463 406.526 249.321 427.578 330.428 323.858 412.742 406.016 411.523 0.999
657.jpg 312.289 250.954 360.665 271.598 353.162 364.439 230.904 392.919 269.627 414.462 1.000
658.jpg 166.095 205.191 295.425 199.821 250.914 290.941 165.585 336.112 291.950 332.384 0.999
659.jpg 36.326 49.009 67.770 49.195 51.388 65.523 39.312 81.724 64.052 81.764 0.999
660.jpg -12.688 91.458 32.969 90.405 5.587 132.219 18.880 138.453 47.276 137.475 1.000
661.jpg 124.623 116.988 176.136 123.626 159.937 169.542 95.565 176.989 152.128 184.534 0.999
662.jpg 75.789 124.753 142.473 114.466 94.689 166.027 92.348 198.119 163.379 189.630 1.000
663.jpg 223.113 172.917 238.907 178.116 254.572 241.407 174.300 264.525 197.144 272.282 0.999
664.jpg 194.506 148.613 245.874 149.690 264.150 193.735 204.492 248.354 242.466 250.780 0.999
665.jpg 137.035 111.494 163.218 108.634 176.108 149.161 122.681 169.856 151.699 169.702 0.999
666.jpg 148.454 136.442 229.998 147.174 203.617 188.918 143.065 230.539 217.402 240.201 0.999
667.jpg 95.199 158.722 183.945 179.634 121.107 230.645 88.784 236.898 164.583 253.899 0.999
668.jpg 98.345 126.428 183.973 131.436 140.781 177.028 102.675 214.633 170.927 219.315 0.999
669.jpg 86.168 73.972 104.018 74.290 110.250 101.023 79.010 118.313 93.245 119.909 1.000
670.jpg 346.940 373.955 568.441 390.612 493.039 500.000 370.294 624.879 532.967 640.610 0.999
671.jpg 41.076 79.296 84.632 78.485 51.991 105.172 49.267 128.102 81.654 127.592 0.999
672.jpg 197.424 184.213 263.079 173.186 286.999 234.556 222.486 299.221 277.593 291.897 1.000
673.jpg 230.241 175.873 249.775 174.190 283.422 222.618 227.151 274.166 245.152 275.575 0.999
674.jpg 147.691 251.679 287.794 229.741 198.734 325.172 183.463 403.797 296.752 386.624 0.999
675.jpg 465.934 490.078 735.675 403.803 723.299 629.985 572.993 794.046 777.388 723.260 0.999
676.jpg 378.151 451.937 600.843 385.492 614.518 520.727 524.753 742.275 686.994 687.890 0.999
677.jpg 168.965 293.765 347.110 274.595 221.433 376.452 200.036 482.245 349.566 468.210 0.999
678.jpg 66.877 48.877 125.033 47.295 98.783 104.344 80.184 149.607 123.778 143.802 0.032
679.jpg 310.451 235.281 377.807 241.781 421.807 323.495 316.140 419.258 371.014 428.814 0.999
680.jpg 205.136 314.542 408.855 303.688 280.231 407.059 229.795 543.828 388.457 536.386 0.999
681.jpg 263.564 449.532 513.778 387.190 345.660 556.518 340.899 724.512 548.748 674.587 0.999
682.jpg 49.689 71.863 95.679 69.971 73.687 93.568 56.102 115.430 92.924 114.204 0.999
683.jpg 55.699 86.514 117.459 89.944 60.025 118.998 53.219 162.392 98.519 165.966 1.000
684.jpg 168.469 220.713 304.476 184.709 285.123 260.320 227.076 370.295 332.677 340.867 0.999
685.jpg 118.548 149.610 242.206 142.499 185.224 213.410 137.877 267.969 233.605 261.616 0.997
686.jpg 442.483 258.039 554.141 269.007 597.369 384.831 468.103 517.129 541.446 530.121 0.999
687.jpg 77.455 63.877 104.934 63.590 106.811 87.996 78.087 108.987 99.826 109.374 0.999
688.jpg 174.551 150.244 229.217 151.807 229.693 212.463 159.084 249.524 205.930 252.773 1.000
689.jpg 536.808 774.610 1059.939 748.419 804.319 1001.841 628.999 1332.588 1008.472 1313.190 0.999
690.jpg 87.535 63.412 100.672 61.951 114.028 84.174 92.482 110.969 103.609 110.951 1.000
691.jpg 85.088 64.511 98.196 64.685 107.692 89.491 78.218 108.507 91.661 110.035 0.999
692.jpg 75.739 227.531 171.009 189.256 116.151 285.381 141.665 357.439 206.505 325.477 1.000
693.jpg 55.193 63.420 98.323 60.124 87.503 82.768 62.967 108.307 100.493 105.802 0.999
694.jpg 453.691 651.219 877.135 661.325 650.860 871.066 487.880 1094.841 818.161 1106.093 0.999
695.jpg 128.701 228.745 253.385 220.819 160.555 314.316 158.864 378.050 253.194 371.757 0.999
696.jpg 129.572 287.048 243.016 287.898 140.481 418.296 194.014 472.746 291.193 470.783 0.999
697.jpg 209.979 252.497 376.405 281.231 288.542 354.199 189.674 422.184 346.649 447.305 0.998
698.jpg 53.616 65.394 99.196 66.737 79.543 92.679 54.010 109.451 96.757 110.935 0.999
699.jpg 658.504 805.155 1145.970 694.578 1024.638 1080.562 814.744 1334.060 1162.731 1243.001 0.999
700.jpg 33.084 63.507 61.153 67.278 28.168 86.273 33.843 106.804 55.070 109.703 0.999
701.jpg 42.464 64.948 54.081 65.868 29.784 89.816 45.749 111.908 53.634 112.119 0.999
702.jpg 51.616 73.255 99.472 70.953 75.197 100.984 53.160 114.501 102.342 113.094 0.999
703.jpg 66.335 66.064 106.362 73.695 91.235 94.647 53.715 103.579 96.747 110.408 0.999
704.jpg 60.112 99.985 79.451 99.740 46.265 139.799 70.338 167.908 92.550 166.724 1.000
705.jpg 49.676 73.066 96.554 70.669 72.217 99.646 52.688 115.233 98.826 113.707 0.999
706.jpg 91.356 169.012 199.606 142.053 141.500 198.583 118.072 264.504 225.054 243.360 1.000
707.jpg 491.762 556.545 920.277 646.348 679.614 767.627 447.075 967.355 808.161 1044.188 0.999
708.jpg 411.466 393.127 583.662 376.410 595.882 497.522 435.273 621.888 597.594 612.054 1.000
709.jpg 54.494 78.183 108.985 73.232 85.647 98.862 63.320 129.828 109.244 125.995 0.999
710.jpg 32.324 62.505 74.896 65.330 41.799 85.568 34.754 107.526 68.626 109.984 0.999
711.jpg 52.901 81.597 100.770 75.440 79.021 108.620 59.898 125.810 104.559 121.091 0.999
712.jpg 143.698 156.742 231.866 152.364 222.145 205.479 167.825 273.736 235.518 270.591 0.999
713.jpg 87.066 63.997 91.075 64.630 103.346 87.391 77.739 106.267 82.506 108.145 0.999
714.jpg 56.039 82.119 114.224 77.216 87.479 116.431 64.687 137.792 112.761 133.765 0.998
715.jpg 255.657 247.248 380.351 244.187 352.480 358.628 224.088 390.469 342.356 390.287 0.999
716.jpg 64.151 82.207 112.458 80.922 91.890 114.857 66.694 131.277 110.145 130.509 0.999
717.jpg 113.774 128.310 194.400 143.514 157.636 198.046 97.508 216.284 171.459 229.610 0.999
718.jpg 57.911 81.328 104.991 82.150 80.628 109.290 63.703 134.102 97.899 135.070 0.999
719.jpg 160.590 287.096 322.662 264.609 195.459 372.007 199.685 479.207 325.228 461.330 0.999
720.jpg 93.303 181.588 206.964 183.368 124.657 251.748 111.541 296.969 208.775 298.624 0.999
721.jpg 412.595 482.217 727.968 477.626 653.213 617.190 481.050 831.634 722.460 827.444 0.999
722.jpg 325.662 403.783 634.382 403.478 509.270 552.609 349.040 697.365 612.884 697.244 0.999
723.jpg 187.583 121.298 327.362 145.612 253.706 234.352 168.027 265.212 289.997 287.135 0.999
724.jpg 50.436 60.263 94.489 80.023 63.192 99.974 36.880 100.967 70.729 117.250 0.999
725.jpg 156.337 141.528 222.321 137.971 233.043 187.621 166.936 243.669 222.151 242.362 0.999
726.jpg 91.731 121.804 167.962 112.388 139.762 149.961 110.849 198.752 170.310 191.099 0.999
727.jpg 69.253 69.633 111.447 63.867 104.298 87.867 81.817 112.727 112.244 107.975 0.996
728.jpg 68.554 66.312 108.740 74.510 94.666 89.878 62.552 107.323 97.131 114.338 0.999
729.jpg 177.523 348.462 411.749 380.866 233.241 508.358 170.566 573.783 383.730 600.239 0.999
730.jpg 39.500 64.479 81.749 57.686 60.326 85.457 45.914 101.430 86.422 96.030 0.999
731.jpg 68.720 75.930 110.444 77.017 94.492 105.503 70.037 125.274 104.794 126.581 0.998
732.jpg 139.037 163.030 226.262 167.934 191.408 222.108 134.877 255.617 211.159 260.372 0.999
733.jpg 252.356 263.090 397.937 268.091 353.150 374.535 249.672 438.769 368.984 444.208 0.999
734.jpg 264.297 174.631 297.545 169.537 323.755 255.484 240.134 311.031 259.047 310.990 0.999
735.jpg 39.196 70.931 76.512 70.613 35.868 91.979 38.743 123.345 69.350 123.248 1.000
736.jpg 122.391 180.561 247.751 166.787 190.144 245.036 153.363 314.176 241.689 303.415 0.999
737.jpg 141.539 230.186 261.212 240.899 156.141 330.157 160.727 388.602 254.022 396.749 0.999
738.jpg 209.280 251.636 360.685 277.537 275.652 365.323 189.541 401.196 330.931 423.848 0.999
739.jpg 104.157 185.404 164.519 182.750 90.831 254.047 118.009 314.629 168.144 311.266 0.999
740.jpg 294.006 291.639 454.312 323.441 395.181 418.302 257.209 467.318 400.064 496.782 0.999
741.jpg 65.243 103.226 83.668 107.179 47.790 144.103 75.930 175.855 87.421 178.263 1.000
742.jpg 173.135 131.881 210.087 127.364 225.267 183.191 170.654 224.955 196.864 223.686 1.000
743.jpg 105.982 82.059 124.476 75.608 137.658 109.643 107.236 138.383 119.696 134.549 1.000
744.jpg 303.564 217.281 323.071 214.050 363.357 297.105 272.380 357.139 291.181 359.393 0.999
745.jpg 214.541 395.710 296.808 387.046 170.412 531.644 256.588 638.714 342.003 628.528 0.999
746.jpg 236.015 191.415 291.875 183.052 317.229 259.545 242.925 320.401 277.038 315.804 0.999
747.jpg 218.955 269.197 376.982 296.405 283.530 384.296 205.450 432.661 340.256 456.277 0.999
748.jpg 206.760 273.534 207.474 291.028 125.228 418.254 219.425 507.014 221.531 517.573 1.000
749.jpg 78.930 128.313 148.478 127.854 97.434 177.161 85.913 202.553 150.337 202.264 0.999
750.jpg 116.158 187.741 227.632 181.516 162.444 255.617 132.912 303.104 225.437 298.541 0.999
751.jpg 164.974 242.143 308.625 243.190 222.246 343.904 169.651 382.605 307.136 384.450 0.999
752.jpg 286.241 344.836 501.787 385.437 374.973 502.447 257.679 562.435 454.317 597.545 0.999
753.jpg 389.988 244.926 428.483 234.072 483.095 380.166 344.724 470.261 378.802 468.895 1.000
754.jpg 218.266 411.821 380.383 434.246 209.403 575.137 238.684 677.658 364.326 693.965 0.999
755.jpg 100.990 169.832 172.934 175.152 81.946 234.299 102.098 298.906 154.968 303.199 1.000
756.jpg 136.549 199.890 253.808 207.222 183.727 262.567 145.531 322.555 233.640 329.210 1.000
757.jpg 223.899 252.799 354.367 239.222 327.783 322.574 245.933 394.845 349.402 384.542 0.999
758.jpg 105.618 118.347 169.655 106.339 163.956 154.201 126.313 198.961 176.073 189.382 0.999
759.jpg 175.299 127.758 182.179 124.639 214.376 172.055 171.206 218.091 175.062 218.361 1.000
760.jpg 155.140 121.037 179.080 111.416 202.098 154.145 157.652 195.331 175.470 189.400 1.000
761.jpg 79.818 93.120 136.032 90.870 113.575 124.644 85.914 154.526 132.135 152.969 0.999
762.jpg 219.982 185.264 270.672 181.961 289.124 237.801 227.842 294.956 270.042 294.352 0.999
763.jpg 89.696 75.181 121.190 80.819 120.543 105.733 85.152 126.215 112.855 131.609 0.999
764.jpg 195.094 192.236 288.379 192.456 280.511 261.913 201.583 317.812 283.553 319.303 0.999
765.jpg 61.964 91.465 99.728 96.484 54.424 126.605 61.381 156.085 93.329 160.126 1.000
766.jpg 53.894 64.930 92.966 56.705 83.657 81.898 65.268 104.471 96.952 97.681 0.999
767.jpg 82.673 149.778 173.313 139.049 114.797 206.446 107.230 252.771 176.624 244.428 0.999
768.jpg 97.948 88.705 142.904 82.898 145.230 112.144 109.180 147.071 147.885 143.053 0.999
769.jpg 105.689 182.515 113.127 174.732 85.028 255.639 157.784 286.538 173.130 278.208 1.000
770.jpg 111.458 163.238 195.602 128.787 184.646 203.902 145.344 249.015 215.255 220.465 0.999
771.jpg 137.755 124.614 205.365 111.756 206.514 160.580 160.297 212.586 211.115 202.468 0.999
772.jpg 242.672 205.220 353.989 226.056 345.774 306.345 242.814 390.985 323.495 409.907 0.999
773.jpg 120.108 178.711 235.181 180.380 167.577 256.366 122.467 291.654 231.269 293.898 0.999
774.jpg 139.057 113.080 197.761 120.162 202.616 154.875 141.179 200.140 197.270 207.321 0.999
775.jpg 242.740 263.764 393.409 261.596 350.530 372.667 246.743 442.569 372.555 441.620 0.999
776.jpg 312.566 221.333 305.626 222.317 356.825 309.701 278.432 371.475 272.611 377.418 0.999
777.jpg 131.740 183.665 236.526 179.464 175.442 246.788 145.605 300.504 230.375 297.764 0.999
778.jpg 49.857 72.780 98.810 69.137 71.148 99.744 53.828 120.863 100.315 118.378 0.999
779.jpg 177.533 139.024 217.241 138.724 236.524 181.074 180.846 229.817 215.984 231.529 1.000
780.jpg 258.197 213.076 328.347 219.354 331.432 298.990 248.547 359.302 300.116 366.924 1.000
781.jpg 151.176 125.841 191.721 116.208 206.200 166.250 151.564 205.732 183.975 199.596 0.999
782.jpg 144.298 270.280 303.557 244.493 210.648 355.429 191.622 444.282 312.045 423.856 1.000
783.jpg 118.571 142.225 203.243 131.263 178.693 184.260 139.881 239.577 206.552 230.853 0.999
784.jpg 181.698 242.972 334.433 253.082 236.460 351.698 190.839 426.736 301.600 435.885 1.000
785.jpg 90.658 104.878 149.251 111.124 122.829 148.347 86.752 170.757 139.147 176.513 0.998
786.jpg 45.166 78.980 91.718 78.541 59.074 104.338 47.452 122.603 91.913 122.544 0.999
787.jpg 104.049 243.448 171.102 194.944 113.563 310.826 195.866 387.420 261.468 345.897 1.000
788.jpg 111.555 174.866 224.718 134.278 188.639 199.300 164.472 293.923 250.166 261.303 0.999
789.jpg 35.327 55.484 77.453 54.075 51.124 72.735 35.680 96.406 76.438 95.577 0.999
790.jpg 132.461 294.850 258.689 295.034 135.167 396.309 155.298 479.846 256.178 479.886 0.999
791.jpg 172.084 163.015 277.622 165.073 242.270 242.020 160.565 269.346 257.191 273.052 0.999
792.jpg 338.221 294.369 518.552 304.910 513.170 395.525 371.694 539.074 511.148 549.598 0.999
793.jpg 74.475 121.005 126.446 118.977 59.842 150.669 67.301 207.848 107.481 206.449 1.000
794.jpg 427.877 527.203 803.093 503.454 672.159 623.027 505.403 889.307 805.364 870.832 0.999
795.jpg 240.581 284.891 458.246 278.373 356.586 422.237 246.158 491.898 451.229 488.425 0.998
796.jpg 45.466 76.613 66.333 79.102 73.847 113.051 33.863 137.635 54.012 141.022 0.997
797.jpg 118.650 145.633 218.299 173.628 153.448 231.540 98.781 232.898 181.687 255.643 1.000
798.jpg 35.528 53.110 41.345 56.393 24.001 71.782 41.325 88.268 45.232 89.541 0.998
799.jpg 252.310 177.462 271.792 192.976 271.892 263.430 174.969 270.667 197.975 287.403 0.999
800.jpg 322.522 307.211 487.495 320.011 450.610 429.199 294.275 500.439 464.532 513.340 0.999
801.jpg 346.249 270.903 371.045 279.558 403.259 385.031 276.029 437.861 298.600 451.173 0.996
802.jpg 85.426 174.538 183.349 169.038 103.932 234.153 104.337 293.131 181.229 289.221 0.999
803.jpg 66.298 92.416 125.578 95.034 89.452 130.598 68.613 152.672 119.456 155.222 0.999
804.jpg 167.372 194.071 280.554 197.132 237.110 266.685 159.377 298.163 267.320 301.201 0.999
805.jpg 120.615 181.846 191.092 179.598 89.911 235.729 110.520 326.547 169.398 324.397 1.000
806.jpg 160.210 186.489 273.852 188.705 232.099 260.565 152.463 291.562 261.294 293.892 0.999
807.jpg 136.852 166.574 244.827 154.339 209.698 233.231 155.566 270.266 242.775 260.849 1.000
808.jpg 316.951 604.518 581.834 602.993 333.408 835.350 381.523 995.304 588.878 992.724 1.000
809.jpg 95.587 74.846 110.816 75.847 114.910 102.234 84.147 117.039 98.893 118.988 0.999
810.jpg 56.813 81.688 109.845 78.835 79.903 115.514 60.829 130.955 112.322 128.971 0.999
811.jpg 230.527 295.182 403.166 296.646 341.639 409.481 248.413 494.725 378.334 497.459 0.999
812.jpg 49.491 103.233 107.631 94.499 62.088 138.179 64.717 171.809 118.344 164.815 1.000
813.jpg 219.950 243.856 365.391 237.048 316.048 340.786 237.095 420.178 353.426 415.617 0.999
814.jpg 168.899 301.335 256.480 294.802 140.724 420.312 201.750 513.121 283.100 506.047 0.999
815.jpg 495.338 348.093 500.233 343.641 548.844 504.750 423.870 587.132 424.550 591.181 1.000
816.jpg 91.904 79.817 121.962 79.641 120.207 110.198 89.196 130.717 112.969 131.532 0.999
817.jpg 150.502 233.375 286.420 251.395 176.196 330.794 139.153 398.614 261.562 414.318 0.999
818.jpg 47.943 70.857 85.399 68.215 60.767 97.136 55.157 115.645 84.993 113.646 0.999
819.jpg 313.370 220.692 360.035 217.052 379.637 318.236 270.304 371.935 308.224 373.624 0.999
820.jpg 301.446 332.154 486.408 327.581 436.733 469.564 316.178 564.778 455.373 562.277 0.999
821.jpg 281.004 386.552 568.183 393.634 442.599 579.713 303.198 674.791 520.768 682.675 1.000
822.jpg 31.081 133.377 79.611 129.294 49.902 165.942 46.779 183.227 81.763 179.832 1.000
823.jpg 114.923 241.582 234.750 224.273 155.000 339.678 171.278 375.428 289.631 359.864 0.999
824.jpg 414.211 632.859 813.692 656.060 560.392 851.712 444.684 1041.733 749.076 1063.619 1.000
825.jpg 77.821 66.425 102.757 66.769 104.563 91.587 71.420 107.014 92.712 108.292 0.999
826.jpg 91.783 90.225 142.885 80.256 141.676 113.558 108.577 150.742 151.271 142.930 1.000
827.jpg 216.845 163.609 269.101 161.505 291.712 226.871 210.957 283.087 257.226 284.138 1.000
828.jpg 119.346 208.301 243.196 209.658 155.732 281.644 126.278 333.918 239.466 336.001 0.999
829.jpg 67.789 104.975 130.970 102.096 90.690 132.589 78.449 168.646 125.947 166.432 0.999
830.jpg 121.945 132.521 202.932 136.134 175.378 186.030 126.625 222.780 182.432 226.191 0.999
831.jpg 69.177 67.862 105.754 66.202 100.333 90.686 71.049 109.105 105.892 108.167 0.999
832.jpg 67.409 87.603 123.106 86.583 101.371 113.888 69.291 137.619 121.342 137.065 0.999
833.jpg 376.745 434.008 642.733 416.484 577.336 533.652 429.996 723.192 657.061 710.915 0.999
834.jpg 70.667 46.594 70.202 45.355 82.168 62.370 74.184 86.984 72.871 86.488 0.996
835.jpg 103.349 173.903 203.725 192.169 107.183 249.950 94.303 303.479 173.974 319.128 0.999
836.jpg 48.232 74.825 96.737 71.257 71.656 106.488 57.212 123.569 96.321 120.854 0.999
837.jpg 72.323 132.280 134.316 136.681 73.040 190.453 80.553 227.235 132.159 230.534 0.999
838.jpg 73.510 103.314 146.284 101.901 108.194 150.728 82.383 180.979 139.471 180.233 0.999
839.jpg 309.593 219.984 356.285 208.112 396.063 298.478 311.054 376.235 347.051 370.288 0.999
840.jpg 80.869 111.987 157.489 108.297 119.375 152.211 86.839 180.412 154.575 177.537 0.998
841.jpg 270.465 378.841 508.865 362.887 401.211 503.867 307.564 604.813 493.809 592.405 0.999
842.jpg 16.810 85.115 17.886 85.087 3.108 105.947 19.998 126.617 21.192 125.812 0.998
843.jpg 300.877 246.399 410.167 238.736 416.804 340.957 291.419 410.729 388.109 407.158 0.999
844.jpg 73.186 98.839 143.301 92.091 111.476 118.794 84.599 155.728 141.169 150.319 0.999
845.jpg 43.137 66.579 86.562 69.957 52.990 91.910 44.146 114.599 77.820 117.749 0.999
846.jpg 115.776 178.567 222.531 152.737 182.867 238.989 143.135 275.417 241.378 254.067 0.999
847.jpg 98.010 160.352 199.517 160.343 117.324 209.051 99.236 277.936 179.625 279.019 0.999
848.jpg 88.899 89.227 110.546 70.068 133.603 98.909 117.926 136.477 135.232 122.475 0.999
849.jpg 61.567 60.426 95.088 63.028 87.690 83.579 57.871 99.429 86.581 102.022 0.998
850.jpg 92.336 106.445 162.110 100.903 138.121 146.241 102.727 178.996 159.103 174.641 0.999
851.jpg 100.677 147.224 195.917 157.413 133.419 217.583 99.906 246.058 180.773 255.021 1.000
852.jpg 136.116 233.173 299.852 241.268 161.681 316.501 129.681 404.303 288.462 412.856 0.999
853.jpg 227.176 214.460 361.485 229.949 330.805 293.667 226.120 370.130 350.215 383.943 0.999
854.jpg 86.933 63.507 90.646 61.961 104.600 85.099 82.649 105.775 86.075 105.822 0.998
855.jpg 85.441 63.462 99.514 63.185 109.672 87.001 85.710 108.137 95.566 109.187 0.999
856.jpg 252.786 338.843 487.402 342.835 355.326 497.124 252.958 569.424 473.927 574.633 0.999
857.jpg 139.547 200.238 281.229 190.064 195.843 286.931 152.922 335.178 291.680 328.022 0.999
858.jpg 568.119 460.983 718.021 422.175 770.669 598.398 594.382 756.735 697.184 730.963 0.999
859.jpg 90.660 122.121 167.675 120.334 131.478 173.532 90.346 192.139 168.952 191.510 0.999
860.jpg 49.777 84.490 96.864 79.163 62.992 110.871 56.725 133.400 102.594 129.191 0.999
861.jpg 59.268 86.697 111.544 83.290 87.069 117.126 61.173 134.676 114.244 132.349 0.999
862.jpg 208.887 312.829 227.751 302.300 152.199 442.676 272.527 527.805 294.451 515.728 1.000
863.jpg 154.090 176.333 255.290 178.726 219.084 253.904 155.052 293.880 232.747 297.340 0.999
864.jpg 131.527 107.977 149.908 108.133 159.033 143.140 118.528 166.381 134.123 168.170 0.999
865.jpg 89.050 79.858 118.407 73.774 129.010 100.822 100.124 131.900 125.669 127.891 1.000
866.jpg 152.123 169.104 255.223 175.796 212.825 243.280 150.012 282.429 237.627 289.237 0.999
867.jpg 64.225 54.132 99.677 52.838 96.944 74.611 73.407 100.044 98.751 99.246 0.999
868.jpg 238.515 169.771 231.506 166.879 273.275 231.841 222.980 288.803 221.821 289.967 0.999
869.jpg 227.479 491.075 486.705 376.119 367.061 584.459 374.651 744.976 598.368 651.829 0.999
870.jpg 212.689 155.014 221.381 154.227 251.164 208.041 190.210 245.236 204.240 247.593 1.000
871.jpg 279.060 206.676 340.435 201.056 372.934 272.969 306.405 357.439 347.871 355.369 0.999
872.jpg 194.559 174.517 314.755 203.110 267.460 262.304 166.510 305.470 274.631 329.627 0.999
873.jpg 108.711 163.188 159.173 179.270 63.903 233.270 92.861 294.136 141.227 306.582 1.000
874.jpg 63.475 89.714 116.504 87.035 94.017 122.380 72.194 139.964 113.307 138.021 0.999
875.jpg 57.068 79.466 102.826 76.235 80.358 104.148 65.046 128.399 101.408 125.916 0.998
876.jpg 140.696 159.909 261.663 172.409 200.595 240.322 138.771 273.534 233.705 284.358 0.999
877.jpg 42.349 62.599 87.244 61.987 62.903 86.423 45.809 101.862 85.092 101.725 0.999
878.jpg 59.293 66.567 113.365 66.145 89.305 92.265 65.322 122.568 111.671 122.463 0.999
879.jpg 206.654 322.985 401.331 312.694 279.618 439.253 236.237 517.488 400.770 509.181 0.999
880.jpg 42.644 67.187 87.038 61.801 63.058 91.359 51.909 110.051 90.845 105.773 0.999
881.jpg 58.499 56.139 83.032 51.339 87.302 75.206 63.316 93.266 81.466 90.149 0.998
882.jpg 42.908 68.221 53.203 69.072 21.852 93.578 46.045 120.461 53.498 120.264 1.000
883.jpg 155.717 123.383 221.320 126.684 222.984 171.887 151.619 217.736 210.461 222.042 0.999
884.jpg 121.611 144.425 204.412 132.535 186.495 191.546 137.912 235.006 201.925 225.583 0.999
885.jpg 48.395 58.928 90.792 54.921 77.685 84.403 53.121 99.733 87.789 96.593 0.999
886.jpg 79.029 114.424 155.300 108.846 116.280 154.430 93.450 189.832 152.455 185.484 0.999
887.jpg 75.176 78.399 121.881 76.258 110.078 100.743 84.535 129.404 120.699 128.046 0.999
888.jpg 39.367 68.408 75.238 71.671 42.180 93.313 40.393 112.795 69.228 115.526 0.999
889.jpg 63.944 114.117 89.943 115.848 44.564 158.097 77.270 195.821 95.674 196.262 1.000
890.jpg 39.056 67.618 62.788 64.523 36.954 93.408 48.475 112.975 68.753 110.031 0.999
891.jpg 63.606 61.783 94.059 58.263 94.909 77.538 71.719 99.210 97.286 96.876 0.999
892.jpg 65.149 80.332 109.623 69.910 102.236 100.749 77.213 125.108 115.661 116.676 0.999
893.jpg 52.477 69.384 98.378 69.682 80.242 92.343 57.080 114.068 94.399 114.542 0.999
894.jpg 33.530 65.904 73.697 65.831 45.574 87.325 36.706 103.830 73.220 103.792 0.999
895.jpg 59.259 73.603 109.221 74.592 87.193 99.981 61.757 120.905 105.183 122.034 0.999
896.jpg 59.805 74.621 110.990 75.609 88.374 101.883 62.123 123.166 106.635 124.309 0.999
897.jpg 239.356 310.037 421.592 270.770 372.178 409.969 290.651 493.337 432.594 462.082 0.999
898.jpg 45.082 76.423 81.740 74.199 52.661 103.024 52.246 122.548 83.614 120.807 1.000
899.jpg 400.811 536.237 695.497 524.949 562.502 731.317 436.238 853.553 675.549 846.237 0.999
900.jpg 59.505 73.432 103.263 68.332 88.094 92.259 68.660 119.152 103.623 115.251 0.999
901.jpg 60.954 93.188 111.732 88.119 87.043 126.742 69.441 145.652 113.466 141.791 0.999
902.jpg 51.442 76.202 95.489 80.961 68.341 104.385 48.665 117.525 89.837 121.835 0.999
903.jpg 67.622 86.197 118.088 87.466 93.642 124.400 68.402 140.527 113.695 142.074 0.999
904.jpg 56.259 63.898 98.616 60.797 85.152 94.049 60.350 106.626 94.407 104.217 0.999
905.jpg 109.993 129.608 173.677 119.971 159.380 167.835 123.656 203.397 173.025 195.865 0.999
906.jpg 105.431 115.371 160.514 93.027 160.486 141.913 119.635 170.674 168.448 152.566 0.999
907.jpg 84.064 106.855 154.286 108.896 122.448 144.112 92.940 177.138 145.133 179.106 0.998
908.jpg 95.938 164.376 118.336 164.310 72.401 227.737 120.781 264.267 145.385 262.838 0.999
909.jpg 149.165 183.696 272.869 190.146 216.517 254.477 156.834 313.372 257.879 319.392 0.999
910.jpg 137.248 171.867 238.263 166.953 199.366 227.630 145.744 273.857 236.462 270.622 0.999
911.jpg 53.844 86.628 106.906 80.643 79.755 111.852 65.548 138.221 108.789 133.490 0.999
912.jpg 119.922 157.661 215.765 153.621 177.218 208.063 132.579 252.165 208.549 249.321 0.999
913.jpg 166.064 211.137 298.505 213.589 239.422 279.985 177.672 343.663 285.876 346.591 0.999
914.jpg 101.981 155.713 199.313 145.716 150.503 205.141 124.520 258.293 196.907 250.359 0.999
915.jpg 92.616 132.873 180.753 120.784 143.288 176.951 110.904 217.756 185.833 208.202 0.998
916.jpg 53.036 71.568 99.299 74.019 77.066 98.036 55.743 120.966 92.149 123.236 0.999
917.jpg 422.372 631.223 819.807 641.965 594.333 901.872 423.039 1022.701 798.122 1034.662 0.999
918.jpg 55.951 86.534 108.456 85.264 74.432 118.269 62.339 144.226 104.454 143.494 0.999
919.jpg 86.594 151.905 175.823 134.727 127.535 201.856 118.337 249.033 183.566 234.808 0.999
920.jpg 33.738 55.220 62.419 54.111 34.485 76.819 38.365 99.472 58.963 98.323 0.997
921.jpg 47.634 79.342 86.821 75.739 48.110 106.898 54.400 142.548 82.726 139.320 0.999
922.jpg 42.349 65.352 91.310 64.743 60.743 85.434 45.941 113.346 86.095 113.359 0.999
923.jpg 84.460 78.708 120.954 85.880 116.628 110.827 79.044 132.412 108.581 139.111 0.999
924.jpg 41.807 73.584 82.382 74.862 49.931 101.169 46.452 121.288 79.098 122.549 1.000
925.jpg 64.951 94.946 95.755 106.262 42.460 124.223 50.032 163.728 72.523 172.290 1.000
926.jpg 50.867 82.731 100.108 71.115 82.479 104.832 66.318 127.317 107.698 117.633 0.999
927.jpg 47.542 78.057 94.554 72.523 67.905 94.164 56.013 124.233 94.804 119.994 0.999
928.jpg 68.377 74.503 109.911 68.981 102.962 99.876 80.340 127.854 111.651 123.599 0.999
929.jpg 82.119 167.848 172.131 137.654 123.385 198.577 121.091 259.083 195.139 234.410 0.999
930.jpg 87.287 153.513 138.140 153.507 61.106 209.241 91.783 273.322 128.094 272.970 1.000
931.jpg 76.052 143.483 124.047 144.010 50.685 186.419 75.772 246.539 108.501 246.006 1.000
932.jpg 66.274 64.248 100.412 61.550 98.973 86.239 72.546 107.026 99.910 105.234 0.999
933.jpg 60.565 79.909 105.235 65.794 97.338 101.628 76.061 121.135 110.017 109.362 0.999
934.jpg 194.271 149.306 299.138 155.987 282.372 216.440 196.168 280.402 277.964 287.067 0.999
935.jpg 57.253 86.557 107.155 85.832 85.446 120.749 59.335 127.092 103.147 126.508 0.999
936.jpg 390.801 500.238 630.274 479.075 572.155 662.745 397.238 739.612 589.836 724.440 0.999
937.jpg 95.622 67.730 112.832 68.865 126.656 90.041 101.574 118.838 115.370 120.908 0.999
938.jpg 76.467 160.046 93.547 166.034 61.571 237.296 125.445 266.444 130.147 268.845 1.000
939.jpg 81.272 86.136 121.682 82.379 118.440 114.326 89.029 139.577 121.591 136.878 0.999
940.jpg 127.218 79.725 128.083 75.954 144.170 97.784 126.107 120.937 127.487 119.114 0.998
941.jpg 46.602 81.454 91.156 79.010 59.548 111.936 54.838 131.892 93.779 129.776 0.999
942.jpg 205.290 344.784 413.494 308.285 287.700 419.792 243.044 569.702 427.622 541.681 0.999
943.jpg 86.143 138.714 164.496 134.515 120.777 183.379 97.820 222.019 160.755 218.953 0.999
944.jpg 76.124 78.265 117.049 72.718 113.844 103.008 86.489 131.136 118.478 127.082 0.999
945.jpg 80.375 145.816 90.340 152.952 77.538 217.727 145.475 226.592 143.874 229.312 1.000
946.jpg 122.424 138.725 116.274 143.380 97.452 218.201 158.150 248.305 150.628 250.140 1.000
947.jpg 66.115 69.482 102.592 85.193 82.568 106.021 49.181 107.233 83.792 120.480 0.999
948.jpg 70.544 84.011 65.102 84.936 50.064 121.329 85.097 148.552 80.894 148.287 0.997
949.jpg 52.770 70.520 94.982 71.368 76.792 99.838 52.083 110.833 89.957 112.091 0.999
950.jpg 70.042 76.980 113.746 74.015 103.691 103.002 73.236 123.272 110.934 121.073 0.999
951.jpg 207.205 306.116 391.122 270.045 318.819 388.244 252.991 491.336 414.958 462.490 0.998
952.jpg 37.830 94.968 85.663 81.747 58.216 128.175 59.425 141.546 111.426 130.174 0.999
953.jpg 146.509 191.123 257.120 238.263 183.547 288.213 103.860 289.428 203.380 329.482 0.999
954.jpg 165.112 211.611 289.727 204.551 240.670 287.088 164.605 323.708 291.390 318.503 0.999
955.jpg 44.357 89.007 95.878 82.023 62.997 121.073 54.337 138.212 106.607 132.710 0.999
956.jpg 187.849 210.517 315.977 210.881 276.556 299.527 176.028 336.563 305.434 337.742 0.999
957.jpg 192.412 273.512 365.630 271.257 281.542 388.969 188.614 429.657 366.682 429.505 0.998
958.jpg 204.757 239.539 349.810 206.625 328.644 279.919 270.409 422.274 391.856 396.154 0.999
959.jpg 76.278 133.911 102.081 125.479 75.103 188.763 123.140 211.046 141.998 202.401 1.000
960.jpg 65.229 90.333 130.013 93.031 87.135 122.504 67.651 162.219 118.242 164.962 0.999
961.jpg 333.876 289.592 437.043 323.663 398.315 417.455 244.811 428.161 340.574 460.905 0.999
962.jpg 172.053 200.621 299.558 191.719 258.915 279.955 176.296 327.407 296.843 320.408 0.999
963.jpg 139.425 222.051 274.912 210.195 193.562 302.674 149.012 350.493 288.325 341.672 0.999
964.jpg 99.565 140.671 190.757 148.220 132.028 202.598 99.131 232.945 178.185 239.916 0.999
965.jpg 24.971 68.508 22.795 59.864 24.896 96.963 62.029 105.629 58.893 98.890 0.999
966.jpg 498.675 414.553 601.388 421.511 631.944 575.104 468.257 678.769 555.310 690.804 0.999
967.jpg 36.138 81.436 84.339 73.119 49.702 109.719 50.828 134.557 93.401 127.772 0.999
968.jpg 98.102 103.359 158.708 102.155 143.599 125.691 110.123 168.190 160.579 167.656 0.999
969.jpg 172.317 214.938 151.608 214.395 100.749 304.011 182.342 389.230 167.146 386.070 0.999
970.jpg 170.259 191.412 276.490 162.763 262.222 250.106 199.227 304.337 287.480 281.096 0.999
971.jpg 258.159 420.040 296.178 409.816 175.038 588.723 305.710 723.907 328.013 712.124 0.999
972.jpg 110.464 166.060 211.412 150.182 162.620 228.377 137.665 270.657 217.729 257.818 0.999
973.jpg 376.050 506.721 665.739 476.657 532.614 681.401 429.009 834.061 662.511 810.793 0.999
974.jpg 87.474 148.245 117.475 148.582 56.404 209.592 100.464 259.080 127.893 257.856 1.000
975.jpg 103.651 104.516 141.815 99.313 146.784 134.227 106.740 163.774 139.149 160.665 1.000
976.jpg 63.643 74.279 107.760 75.142 89.798 102.731 64.661 120.384 102.479 121.453 0.999
977.jpg 245.990 249.758 380.394 262.046 340.783 345.964 230.979 400.239 359.802 411.692 0.999
978.jpg 993.231 1128.686 1948.893 1080.595 1393.865 1651.934 1119.101 2122.819 1880.489 2091.235 0.999
979.jpg 139.720 158.691 249.436 162.022 203.387 231.969 141.596 269.813 230.894 273.087 0.999
980.jpg 254.336 309.492 428.957 269.620 397.048 402.234 294.452 494.600 449.029 462.527 0.999
981.jpg 131.296 109.210 171.826 111.715 174.836 149.345 125.307 179.641 162.276 183.127 0.999
982.jpg 321.214 316.629 459.191 265.961 490.993 380.013 404.697 512.044 506.856 473.292 0.999
983.jpg 64.432 97.621 128.779 99.246 89.512 128.043 67.207 159.247 123.763 161.041 0.999
984.jpg 100.916 104.648 168.315 112.847 141.362 156.590 86.781 172.412 156.217 179.753 0.999
985.jpg 126.813 201.348 247.758 192.813 176.967 275.576 146.975 332.301 247.273 326.074 1.000
986.jpg 50.677 91.454 74.353 89.961 41.949 125.939 62.042 152.316 82.327 150.584 1.000
987.jpg 280.727 211.679 311.330 211.572 351.167 281.145 275.273 343.378 303.851 347.026 0.999
988.jpg 67.174 108.082 129.034 109.948 85.527 150.499 69.143 173.239 126.281 175.135 0.999
989.jpg 225.372 389.497 413.090 387.994 253.443 528.213 247.126 651.947 409.096 651.587 1.000
990.jpg 132.737 103.914 129.824 103.106 153.689 138.646 128.418 172.867 127.099 173.992 0.997
991.jpg 120.325 165.250 227.271 167.868 175.356 241.591 133.086 279.984 210.621 282.593 0.999
992.jpg 110.689 103.118 162.901 100.266 157.442 135.538 121.136 170.535 163.782 169.094 0.999
993.jpg 83.526 77.602 113.627 78.001 110.156 109.520 76.812 127.437 102.407 128.613 0.999
994.jpg 153.552 226.003 292.260 235.762 197.649 315.183 153.531 399.998 263.066 409.126 0.999
995.jpg 54.322 70.893 95.691 66.659 83.002 89.593 64.990 119.570 97.630 116.071 0.999
996.jpg 196.584 216.248 305.666 218.260 282.549 276.872 213.160 352.200 304.034 355.546 0.999
997.jpg 91.797 94.693 138.347 95.865 131.395 129.303 88.855 153.190 133.997 154.928 0.999
998.jpg 68.545 92.721 131.942 94.814 97.624 120.749 70.449 159.262 127.525 161.431 0.999
999.jpg 150.916 175.087 249.056 180.527 215.842 230.095 152.538 281.580 236.258 286.577 0.999
1000.jpg 62.898 85.570 119.351 93.181 81.823 116.690 59.745 144.737 107.350 151.415 0.999
