1 11065 1
1 11066 1
1 11067 1
1 11068 1
1 11069 1
1 11070 1
2 11071 1
2 11072 1
2 11073 1
2 11074 1
2 11075 1
2 11076 1
2 11077 1
3 11078 1
3 11079 1
3 11080 1
3 11081 1
3 11082 1
3 11083 1
3 11084 1
4 11085 1
4 11086 1
4 11087 1
4 11088 1
4 11089 1
5 11090 1
5 11091 1
5 11092 1
5 11093 1
5 11094 1
5 11095 1
5 11096 1
6 11097 1
6 11098 1
6 11099 1
6 11100 1
6 11101 1
6 11102 1
6 11103 1
7 11104 1
7 11105 1
7 11106 1
7 11107 1
7 11108 1
7 11109 1
7 11110 1
8 11111 1
8 11112 1
8 11113 1
8 11114 1
8 11115 1
8 11116 1
8 11117 1
9 11118 1
9 11119 1
9 11120 1
9 11121 1
9 11122 1
9 11123 1
9 11124 1
10 11125 1
10 11126 1
10 11127 1
10 11128 1
10 11129 1
10 11130 1
10 11131 1
11 11132 1
11 11133 1
11 11134 1
11 11135 1
11 11136 1
11 11137 1
11 11138 1
12 11139 1
12 11140 1
12 11141 1
12 11142 1
12 11143 1
12 11144 1
12 11145 1
13 11146 1
13 11147 1
13 11148 1
13 11149 1
13 11150 1
14 11151 1
14 11152 1
14 11153 1
14 11154 1
14 11155 1
14 11156 1
14 11157 1
15 11158 1
15 11159 1
15 11160 1
15 11161 1
15 11162 1
15 11163 1
15 11164 1
16 11165 1
16 11166 1
16 11167 1
16 11168 1
16 11169 1
17 11170 1
17 11171 1
17 11172 1
17 11173 1
17 11174 1
17 11175 1
17 11176 1
18 11177 1
18 11178 1
18 11179 1
18 11180 1
18 11181 1
18 11182 1
18 11183 1
19 11184 1
19 11185 1
19 11186 1
19 11187 1
19 11188 1
20 11189 1
20 11190 1
20 11191 1
20 11192 1
20 11193 1
20 11194 1
20 11195 1
21 11196 1
21 11197 1
21 11198 1
21 11199 1
21 11200 1
21 11201 1
21 11202 1
22 11203 1
22 11204 1
22 11205 1
22 11206 1
22 11207 1
23 11208 1
23 11209 1
23 11210 1
23 11211 1
23 11212 1
23 11213 1
23 11214 1
24 11215 1
24 11216 1
24 11217 1
24 11218 1
24 11219 1
24 11220 1
24 11221 1
25 11222 1
25 11223 1
25 11224 1
25 11225 1
25 11226 1
25 11227 1
25 11228 1
26 11229 1
26 11230 1
26 11231 1
26 11232 1
26 11233 1
27 11234 1
27 11235 1
27 11236 1
27 11237 1
27 11238 1
28 11239 1
28 11240 1
28 11241 1
28 11242 1
28 11243 1
28 11244 1
28 11245 1
29 11246 1
29 11247 1
29 11248 1
29 11249 1
29 11250 1
29 11251 1
29 11252 1
30 11253 1
30 11254 1
30 11255 1
30 11256 1
30 11257 1
30 11258 1
30 11259 1
31 11260 1
31 11261 1
31 11262 1
31 11263 1
31 11264 1
31 11265 1
31 11266 1
32 11267 1
32 11268 1
32 11269 1
32 11270 1
32 11271 1
32 11272 1
32 11273 1
33 11274 1
33 11275 1
33 11276 1
33 11277 1
33 11278 1
33 11279 1
33 11280 1
34 11281 1
34 11282 1
34 11283 1
34 11284 1
34 11285 1
35 11286 1
35 11287 1
35 11288 1
35 11289 1
35 11290 1
36 11291 1
36 11292 1
36 11293 1
36 11294 1
36 11295 1
37 11296 1
37 11297 1
37 11298 1
37 11299 1
37 11300 1
37 11301 1
37 11302 1
38 11303 1
38 11304 1
38 11305 1
38 11306 1
38 11307 1
39 11308 1
39 11309 1
39 11310 1
39 11311 1
39 11312 1
39 11313 1
39 11314 1
40 11315 1
40 11316 1
40 11317 1
40 11318 1
40 11319 1
40 11320 1
40 11321 1
41 11322 1
41 11323 1
41 11324 1
41 11325 1
41 11326 1
43 11334 1
43 11335 1
43 11336 1
43 11337 1
43 11338 1
43 11339 1
43 11340 1
44 11341 1
44 11342 1
44 11343 1
44 11344 1
44 11345 1
45 11346 1
45 11347 1
45 11348 1
45 11349 1
45 11350 1
45 11351 1
45 11352 1
46 11353 1
46 11354 1
46 11355 1
46 11356 1
46 11357 1
46 11358 1
46 11359 1
47 11360 1
47 11361 1
47 11362 1
47 11363 1
47 11364 1
47 11365 1
47 11366 1
48 11367 1
48 11368 1
48 11369 1
48 11370 1
48 11371 1
48 11372 1
48 11373 1
49 11374 1
49 11375 1
49 11376 1
49 11377 1
49 11378 1
49 11379 1
49 11380 1
50 11381 1
50 11382 1
50 11383 1
50 11384 1
50 11385 1
50 11386 1
50 11387 1
51 11388 1
51 11389 1
51 11390 1
51 11391 1
51 11392 1
52 11393 1
52 11394 1
52 11395 1
52 11396 1
52 11397 1
52 11398 1
52 11399 1
53 11400 1
53 11401 1
53 11402 1
53 11403 1
53 11404 1
53 11405 1
53 11406 1
54 11407 1
54 11408 1
54 11409 1
54 11410 1
54 11411 1
55 11412 1
55 11413 1
55 11414 1
55 11415 1
55 11416 1
56 11417 1
56 11418 1
56 11419 1
56 11420 1
56 11421 1
57 11422 1
57 11423 1
57 11424 1
57 11425 1
57 11426 1
58 11427 1
58 11428 1
58 11429 1
58 11430 1
58 11431 1
59 11432 1
59 11433 1
59 11434 1
59 11435 1
59 11436 1
60 11437 1
60 11438 1
60 11439 1
60 11440 1
60 11441 1
60 11442 1
60 11443 1
61 11444 1
61 11445 1
61 11446 1
61 11447 1
61 11448 1
62 11449 1
62 11450 1
62 11451 1
62 11452 1
62 11453 1
63 11454 1
63 11455 1
63 11456 1
63 11457 1
63 11458 1
64 11459 1
64 11460 1
64 11461 1
64 11462 1
64 11463 1
64 11464 1
64 11465 1
65 11466 1
65 11467 1
65 11468 1
65 11469 1
65 11470 1
65 11471 1
65 11472 1
66 11473 1
66 11474 1
66 11475 1
67 11477 1
67 11478 1
67 11479 1
67 11480 1
67 11481 1
67 11482 1
67 11483 1
68 11484 1
68 11485 1
68 11486 1
68 11487 1
68 11488 1
68 11489 1
68 11490 1
69 11491 1
69 11492 1
69 11493 1
70 11495 1
70 11496 1
70 11497 1
70 11498 1
70 11499 1
71 11500 1
71 11501 1
71 11502 1
71 11503 1
71 11504 1
72 11505 1
72 11506 1
72 11507 1
72 11508 1
72 11509 1
73 11510 1
73 11511 1
73 11512 1
73 11513 1
73 11514 1
74 11515 1
74 11516 1
74 11517 1
74 11518 1
74 11519 1
75 11520 1
75 11521 1
75 11522 1
76 11524 1
76 11525 1
76 11526 1
76 11527 1
76 11528 1
76 11529 1
76 11530 1
77 11531 1
77 11532 1
77 11533 1
77 11534 1
77 11535 1
78 11536 1
78 11537 1
78 11538 1
78 11539 1
78 11540 1
79 11541 1
79 11542 1
79 11543 1
79 11544 1
79 11545 1
80 11546 1
80 11547 1
80 11548 1
80 11549 1
80 11550 1
80 11551 1
80 11552 1
81 11553 1
81 11554 1
81 11555 1
81 11556 1
81 11557 1
81 11558 1
81 11559 1
82 11560 1
82 11561 1
82 11562 1
82 11563 1
82 11564 1
82 11565 1
82 11566 1
83 11567 1
83 11568 1
83 11569 1
83 11570 1
83 11571 1
84 11572 1
84 11573 1
84 11574 1
85 11576 1
85 11577 1
85 11578 1
85 11579 1
85 11580 1
86 11581 1
86 11582 1
86 11583 1
86 11584 1
86 11585 1
86 11586 1
86 11587 1
87 11588 1
87 11589 1
87 11590 1
87 11591 1
87 11592 1
87 11593 1
87 11594 1
88 11595 1
88 11596 1
88 11597 1
88 11598 1
88 11599 1
88 11600 1
88 11601 1
89 11602 1
89 11603 1
89 11604 1
89 11605 1
89 11606 1
90 11607 1
90 11608 1
90 11609 1
90 11610 1
90 11611 1
90 11612 1
90 11613 1
91 11614 1
91 11615 1
91 11616 1
91 11617 1
91 11618 1
91 11619 1
91 11620 1
92 11621 1
92 11622 1
92 11623 1
92 11624 1
92 11625 1
92 11626 1
92 11627 1
93 11628 1
93 11629 1
93 11630 1
93 11631 1
93 11632 1
93 11633 1
93 11634 1
94 11635 1
94 11636 1
94 11637 1
94 11638 1
94 11639 1
95 11640 1
95 11641 1
95 11642 1
95 11643 1
95 11644 1
96 11645 1
96 11646 1
96 11647 1
96 11648 1
96 11649 1
97 11650 1
97 11651 1
97 11652 1
97 11653 1
97 11654 1
98 11655 1
98 11656 1
98 11657 1
98 11658 1
98 11659 1
98 11660 1
98 11661 1
99 11662 1
99 11663 1
99 11664 1
100 11666 1
100 11667 1
100 11668 1
100 11669 1
100 11670 1
100 11671 1
100 11672 1
101 11673 1
101 11674 1
101 11675 1
101 11676 1
101 11677 1
102 11678 1
102 11679 1
102 11680 1
103 11682 1
103 11683 1
103 11684 1
103 11685 1
103 11686 1
103 11687 1
103 11688 1
104 11689 1
104 11690 1
104 11691 1
105 11693 1
105 11694 1
105 11695 1
106 11697 1
106 11698 1
106 11699 1
106 11700 1
106 11701 1
107 11702 1
107 11703 1
107 11704 1
107 11705 1
107 11706 1
108 11707 1
108 11708 1
108 11709 1
108 11710 1
108 11711 1
109 11712 1
109 11713 1
109 11714 1
109 11715 1
109 11716 1
109 11717 1
109 11718 1
110 11719 1
110 11720 1
110 11721 1
110 11722 1
110 11723 1
110 11724 1
110 11725 1
111 11726 1
111 11727 1
111 11728 1
111 11729 1
111 11730 1
112 11731 1
112 11732 1
112 11733 1
113 11735 1
113 11736 1
113 11737 1
114 11739 1
114 11740 1
114 11741 1
115 11743 1
115 11744 1
115 11745 1
115 11746 1
115 11747 1
116 11748 1
116 11749 1
116 11750 1
116 11751 1
116 11752 1
117 11753 1
117 11754 1
117 11755 1
117 11756 1
117 11757 1
118 11758 1
118 11759 1
118 11760 1
119 11762 1
119 11763 1
119 11764 1
120 11766 1
120 11767 1
120 11768 1
120 11769 1
120 11770 1
121 11771 1
121 11772 1
121 11773 1
122 11775 1
122 11776 1
122 11777 1
122 11778 1
122 11779 1
122 11780 1
122 11781 1
123 11782 1
123 11783 1
123 11784 1
124 11786 1
124 11787 1
124 11788 1
124 11789 1
124 11790 1
125 11791 1
125 11792 1
125 11793 1
125 11794 1
125 11795 1
126 11796 1
126 11797 1
126 11798 1
126 11799 1
126 11800 1
126 11801 1
126 11802 1
127 11803 1
127 11804 1
127 11805 1
127 11806 1
127 11807 1
127 11808 1
127 11809 1
128 11810 1
128 11811 1
128 11812 1
128 11813 1
128 11814 1
129 11815 1
129 11816 1
129 11817 1
129 11818 1
129 11819 1
129 11820 1
129 11821 1
130 11822 1
130 11823 1
130 11824 1
130 11825 1
130 11826 1
131 11827 1
131 11828 1
131 11829 1
131 11830 1
131 11831 1
132 11832 1
132 11833 1
132 11834 1
133 11836 1
133 11837 1
133 11838 1
133 11839 1
133 11840 1
134 11841 1
134 11842 1
134 11843 1
135 11845 1
135 11846 1
135 11847 1
135 11848 1
135 11849 1
136 11850 1
136 11851 1
136 11852 1
136 11853 1
136 11854 1
136 11855 1
136 11856 1
137 11857 1
137 11858 1
137 11859 1
137 11860 1
137 11861 1
137 11862 1
137 11863 1
138 11864 1
138 11865 1
138 11866 1
138 11867 1
138 11868 1
138 11869 1
138 11870 1
139 11871 1
139 11872 1
139 11873 1
140 11875 1
140 11876 1
140 11877 1
140 11878 1
140 11879 1
140 11880 1
140 11881 1
141 11882 1
141 11883 1
141 11884 1
141 11885 1
141 11886 1
141 11887 1
141 11888 1
142 11889 1
142 11890 1
142 11891 1
142 11892 1
142 11893 1
142 11894 1
142 11895 1
143 11896 1
143 11897 1
143 11898 1
144 11900 1
144 11901 1
144 11902 1
144 11903 1
144 11904 1
144 11905 1
144 11906 1
145 11907 1
145 11908 1
145 11909 1
145 11910 1
145 11911 1
146 11912 1
146 11913 1
146 11914 1
146 11915 1
146 11916 1
147 11917 1
147 11918 1
147 11919 1
147 11920 1
147 11921 1
147 11922 1
147 11923 1
148 11924 1
148 11925 1
148 11926 1
148 11927 1
148 11928 1
149 11929 1
149 11930 1
149 11931 1
149 11932 1
149 11933 1
150 11934 1
150 11935 1
150 11936 1
150 11937 1
150 11938 1
151 11939 1
151 11940 1
151 11941 1
151 11942 1
151 11943 1
152 11944 1
152 11945 1
152 11946 1
152 11947 1
152 11948 1
153 11949 1
153 11950 1
153 11951 1
153 11952 1
153 11953 1
153 11954 1
153 11955 1
154 11956 1
154 11957 1
154 11958 1
154 11959 1
154 11960 1
155 11961 1
155 11962 1
155 11963 1
155 11964 1
155 11965 1
156 11966 1
156 11967 1
156 11968 1
156 11969 1
156 11970 1
157 11971 1
157 11972 1
157 11973 1
157 11974 1
157 11975 1
157 11976 1
157 11977 1
158 11978 1
158 11979 1
158 11980 1
158 11981 1
158 11982 1
158 11983 1
158 11984 1
159 11985 1
159 11986 1
159 11987 1
159 11988 1
159 11989 1
160 11990 1
160 11991 1
160 11992 1
160 11993 1
160 11994 1
160 11995 1
160 11996 1
161 11997 1
161 11998 1
161 11999 1
161 12000 1
161 12001 1
161 12002 1
161 12003 1
162 12004 1
162 12005 1
162 12006 1
162 12007 1
162 12008 1
163 12009 1
163 12010 1
163 12011 1
163 12012 1
163 12013 1
164 12014 1
164 12015 1
164 12016 1
164 12017 1
164 12018 1
164 12019 1
164 12020 1
165 12021 1
165 12022 1
165 12023 1
165 12024 1
165 12025 1
165 12026 1
165 12027 1
166 12028 1
166 12029 1
166 12030 1
166 12031 1
166 12032 1
166 12033 1
166 12034 1
167 12035 1
167 12036 1
167 12037 1
167 12038 1
167 12039 1
167 12040 1
167 12041 1
168 12042 1
168 12043 1
168 12044 1
168 12045 1
168 12046 1
168 12047 1
168 12048 1
169 12049 1
169 12050 1
169 12051 1
169 12052 1
169 12053 1
169 12054 1
169 12055 1
170 12056 1
170 12057 1
170 12058 1
170 12059 1
170 12060 1
170 12061 1
170 12062 1
171 12063 1
171 12064 1
171 12065 1
171 12066 1
171 12067 1
172 12068 1
172 12069 1
172 12070 1
172 12071 1
172 12072 1
172 12073 1
172 12074 1
173 12075 1
173 12076 1
173 12077 1
173 12078 1
173 12079 1
173 12080 1
173 12081 1
174 12082 1
174 12083 1
174 12084 1
174 12085 1
174 12086 1
174 12087 1
174 12088 1
175 12089 1
175 12090 1
175 12091 1
175 12092 1
175 12093 1
175 12094 1
175 12095 1
176 12096 1
176 12097 1
176 12098 1
176 12099 1
176 12100 1
177 12101 1
177 12102 1
177 12103 1
177 12104 1
177 12105 1
178 12106 1
178 12107 1
178 12108 1
178 12109 1
178 12110 1
178 12111 1
178 12112 1
179 12113 1
179 12114 1
179 12115 1
179 12116 1
179 12117 1
179 12118 1
179 12119 1
180 12120 1
180 12121 1
180 12122 1
180 12123 1
180 12124 1
181 12125 1
181 12126 1
181 12127 1
181 12128 1
181 12129 1
181 12130 1
181 12131 1
182 12132 1
182 12133 1
182 12134 1
182 12135 1
182 12136 1
182 12137 1
182 12138 1
183 12139 1
183 12140 1
183 12141 1
184 12143 1
184 12144 1
184 12145 1
184 12146 1
184 12147 1
184 12148 1
184 12149 1
185 12150 1
185 12151 1
185 12152 1
185 12153 1
185 12154 1
186 12155 1
186 12156 1
186 12157 1
186 12158 1
186 12159 1
186 12160 1
186 12161 1
187 12162 1
187 12163 1
187 12164 1
187 12165 1
187 12166 1
188 12167 1
188 12168 1
188 12169 1
188 12170 1
188 12171 1
189 12172 1
189 12173 1
189 12174 1
189 12175 1
189 12176 1
190 12177 1
190 12178 1
190 12179 1
191 12181 1
191 12182 1
191 12183 1
191 12184 1
191 12185 1
192 12186 1
192 12187 1
192 12188 1
192 12189 1
192 12190 1
193 12191 1
193 12192 1
193 12193 1
193 12194 1
193 12195 1
193 12196 1
193 12197 1
194 12198 1
194 12199 1
194 12200 1
194 12201 1
194 12202 1
194 12203 1
194 12204 1
195 12205 1
195 12206 1
195 12207 1
195 12208 1
195 12209 1
195 12210 1
195 12211 1
196 12212 1
196 12213 1
196 12214 1
196 12215 1
196 12216 1
196 12217 1
196 12218 1
197 12219 1
197 12220 1
197 12221 1
197 12222 1
197 12223 1
197 12224 1
197 12225 1
198 12226 1
198 12227 1
198 12228 1
198 12229 1
198 12230 1
199 12231 1
199 12232 1
199 12233 1
199 12234 1
199 12235 1
199 12236 1
199 12237 1
200 12238 1
200 12239 1
200 12240 1
200 12241 1
200 12242 1
201 12243 1
201 12244 1
201 12245 1
201 12246 1
201 12247 1
201 12248 1
201 12249 1
202 12250 1
202 12251 1
202 12252 1
202 12253 1
202 12254 1
202 12255 1
202 12256 1
203 12257 1
203 12258 1
203 12259 1
203 12260 1
203 12261 1
203 12262 1
203 12263 1
204 12264 1
204 12265 1
204 12266 1
204 12267 1
204 12268 1
204 12269 1
204 12270 1
205 12271 1
205 12272 1
205 12273 1
205 12274 1
205 12275 1
205 12276 1
205 12277 1
206 12278 1
206 12279 1
206 12280 1
206 12281 1
206 12282 1
206 12283 1
206 12284 1
207 12285 1
207 12286 1
207 12287 1
207 12288 1
207 12289 1
207 12290 1
207 12291 1
208 12292 1
208 12293 1
208 12294 1
208 12295 1
208 12296 1
209 12297 1
209 12298 1
209 12299 1
209 12300 1
209 12301 1
210 12302 1
210 12303 1
210 12304 1
210 12305 1
210 12306 1
210 12307 1
210 12308 1
211 12309 1
211 12310 1
211 12311 1
212 12313 1
212 12314 1
212 12315 1
212 12316 1
212 12317 1
213 12318 1
213 12319 1
213 12320 1
213 12321 1
213 12322 1
213 12323 1
213 12324 1
214 12325 1
214 12326 1
214 12327 1
214 12328 1
214 12329 1
215 12330 1
215 12331 1
215 12332 1
215 12333 1
215 12334 1
215 12335 1
215 12336 1
216 12337 1
216 12338 1
216 12339 1
217 12341 1
217 12342 1
217 12343 1
217 12344 1
217 12345 1
217 12346 1
217 12347 1
218 12348 1
218 12349 1
218 12350 1
218 12351 1
218 12352 1
219 12353 1
219 12354 1
219 12355 1
219 12356 1
219 12357 1
219 12358 1
219 12359 1
220 12360 1
220 12361 1
220 12362 1
220 12363 1
220 12364 1
220 12365 1
220 12366 1
221 12367 1
221 12368 1
221 12369 1
221 12370 1
221 12371 1
222 12372 1
222 12373 1
222 12374 1
223 12376 1
223 12377 1
223 12378 1
223 12379 1
223 12380 1
223 12381 1
223 12382 1
224 12383 1
224 12384 1
224 12385 1
224 12386 1
224 12387 1
224 12388 1
224 12389 1
225 12390 1
225 12391 1
225 12392 1
225 12393 1
225 12394 1
226 12395 1
226 12396 1
226 12397 1
226 12398 1
226 12399 1
226 12400 1
226 12401 1
227 12402 1
227 12403 1
227 12404 1
227 12405 1
227 12406 1
228 12407 1
228 12408 1
228 12409 1
228 12410 1
228 12411 1
228 12412 1
228 12413 1
229 12414 1
229 12415 1
229 12416 1
229 12417 1
229 12418 1
229 12419 1
229 12420 1
230 12421 1
230 12422 1
230 12423 1
230 12424 1
230 12425 1
231 12426 1
231 12427 1
231 12428 1
231 12429 1
231 12430 1
232 12431 1
232 12432 1
232 12433 1
232 12434 1
232 12435 1
233 12436 1
233 12437 1
233 12438 1
233 12439 1
233 12440 1
235 12446 1
235 12447 1
235 12448 1
235 12449 1
235 12450 1
235 12451 1
235 12452 1
236 12453 1
236 12454 1
236 12455 1
237 12457 1
237 12458 1
237 12459 1
237 12460 1
237 12461 1
238 12462 1
238 12463 1
238 12464 1
238 12465 1
238 12466 1
239 12467 1
239 12468 1
239 12469 1
239 12470 1
239 12471 1
240 12472 1
240 12473 1
240 12474 1
240 12475 1
240 12476 1
240 12477 1
240 12478 1
241 12479 1
241 12480 1
241 12481 1
241 12482 1
241 12483 1
242 12484 1
242 12485 1
242 12486 1
242 12487 1
242 12488 1
243 12489 1
243 12490 1
243 12491 1
243 12492 1
243 12493 1
244 12494 1
244 12495 1
244 12496 1
244 12497 1
244 12498 1
244 12499 1
244 12500 1
245 12501 1
245 12502 1
245 12503 1
245 12504 1
245 12505 1
245 12506 1
245 12507 1
246 12508 1
246 12509 1
246 12510 1
246 12511 1
246 12512 1
247 12513 1
247 12514 1
247 12515 1
248 12517 1
248 12518 1
248 12519 1
248 12520 1
248 12521 1
248 12522 1
248 12523 1
249 12524 1
249 12525 1
249 12526 1
249 12527 1
249 12528 1
250 12529 1
250 12530 1
250 12531 1
250 12532 1
250 12533 1
250 12534 1
250 12535 1
251 12536 1
251 12537 1
251 12538 1
251 12539 1
251 12540 1
252 12541 1
252 12542 1
252 12543 1
252 12544 1
252 12545 1
253 12546 1
253 12547 1
253 12548 1
253 12549 1
253 12550 1
253 12551 1
253 12552 1
254 12553 1
254 12554 1
254 12555 1
254 12556 1
254 12557 1
255 12558 1
255 12559 1
255 12560 1
255 12561 1
255 12562 1
256 12563 1
256 12564 1
256 12565 1
256 12566 1
256 12567 1
256 12568 1
256 12569 1
257 12570 1
257 12571 1
257 12572 1
257 12573 1
257 12574 1
257 12575 1
257 12576 1
258 12577 1
258 12578 1
258 12579 1
258 12580 1
258 12581 1
259 12582 1
259 12583 1
259 12584 1
259 12585 1
259 12586 1
260 12587 1
260 12588 1
260 12589 1
260 12590 1
260 12591 1
261 12592 1
261 12593 1
261 12594 1
261 12595 1
261 12596 1
261 12597 1
261 12598 1
262 12599 1
262 12600 1
262 12601 1
262 12602 1
262 12603 1
263 12604 1
263 12605 1
263 12606 1
263 12607 1
263 12608 1
263 12609 1
263 12610 1
264 12611 1
264 12612 1
264 12613 1
264 12614 1
264 12615 1
265 12616 1
265 12617 1
265 12618 1
265 12619 1
265 12620 1
266 12621 1
266 12622 1
266 12623 1
266 12624 1
266 12625 1
266 12626 1
266 12627 1
267 12628 1
267 12629 1
267 12630 1
267 12631 1
267 12632 1
267 12633 1
267 12634 1
268 12635 1
268 12636 1
268 12637 1
268 12638 1
268 12639 1
268 12640 1
268 12641 1
269 12642 1
269 12643 1
269 12644 1
270 12646 1
270 12647 1
270 12648 1
270 12649 1
270 12650 1
270 12651 1
270 12652 1
271 12653 1
271 12654 1
271 12655 1
272 12657 1
272 12658 1
272 12659 1
272 12660 1
272 12661 1
272 12662 1
272 12663 1
273 12664 1
273 12665 1
273 12666 1
273 12667 1
273 12668 1
273 12669 1
273 12670 1
274 12671 1
274 12672 1
274 12673 1
274 12674 1
274 12675 1
275 12676 1
275 12677 1
275 12678 1
275 12679 1
275 12680 1
275 12681 1
275 12682 1
276 12683 1
276 12684 1
276 12685 1
276 12686 1
276 12687 1
276 12688 1
276 12689 1
277 12690 1
277 12691 1
277 12692 1
277 12693 1
277 12694 1
278 12695 1
278 12696 1
278 12697 1
279 12699 1
279 12700 1
279 12701 1
279 12702 1
279 12703 1
280 12704 1
280 12705 1
280 12706 1
280 12707 1
280 12708 1
280 12709 1
280 12710 1
281 12711 1
281 12712 1
281 12713 1
281 12714 1
281 12715 1
281 12716 1
281 12717 1
282 12718 1
282 12719 1
282 12720 1
282 12721 1
282 12722 1
282 12723 1
282 12724 1
283 12725 1
283 12726 1
283 12727 1
283 12728 1
283 12729 1
283 12730 1
283 12731 1
284 12732 1
284 12733 1
284 12734 1
284 12735 1
284 12736 1
284 12737 1
284 12738 1
285 12739 1
285 12740 1
285 12741 1
285 12742 1
285 12743 1
286 12744 1
286 12745 1
286 12746 1
286 12747 1
286 12748 1
286 12749 1
286 12750 1
287 12751 1
287 12752 1
287 12753 1
287 12754 1
287 12755 1
288 12756 1
288 12757 1
288 12758 1
288 12759 1
288 12760 1
289 12761 1
289 12762 1
289 12763 1
289 12764 1
289 12765 1
289 12766 1
289 12767 1
290 12768 1
290 12769 1
290 12770 1
290 12771 1
290 12772 1
291 12773 1
291 12774 1
291 12775 1
291 12776 1
291 12777 1
291 12778 1
291 12779 1
292 12780 1
292 12781 1
292 12782 1
292 12783 1
292 12784 1
293 12785 1
293 12786 1
293 12787 1
293 12788 1
293 12789 1
293 12790 1
293 12791 1
294 12792 1
294 12793 1
294 12794 1
294 12795 1
294 12796 1
295 12797 1
295 12798 1
295 12799 1
295 12800 1
295 12801 1
295 12802 1
295 12803 1
296 12804 1
296 12805 1
296 12806 1
296 12807 1
296 12808 1
297 12809 1
297 12810 1
297 12811 1
297 12812 1
297 12813 1
297 12814 1
297 12815 1
298 12816 1
298 12817 1
298 12818 1
299 12820 1
299 12821 1
299 12822 1
300 12824 1
300 12825 1
300 12826 1
300 12827 1
300 12828 1
301 12829 1
301 12830 1
301 12831 1
301 12832 1
301 12833 1
301 12834 1
301 12835 1
302 12836 1
302 12837 1
302 12838 1
303 12840 1
303 12841 1
303 12842 1
303 12843 1
303 12844 1
304 12845 1
304 12846 1
304 12847 1
304 12848 1
304 12849 1
305 12850 1
305 12851 1
305 12852 1
305 12853 1
305 12854 1
306 12855 1
306 12856 1
306 12857 1
306 12858 1
306 12859 1
307 12860 1
307 12861 1
307 12862 1
308 12864 1
308 12865 1
308 12866 1
308 12867 1
308 12868 1
309 12869 1
309 12870 1
309 12871 1
309 12872 1
309 12873 1
309 12874 1
309 12875 1
310 12876 1
310 12877 1
310 12878 1
310 12879 1
310 12880 1
310 12881 1
310 12882 1
311 12883 1
311 12884 1
311 12885 1
311 12886 1
311 12887 1
311 12888 1
311 12889 1
312 12890 1
312 12891 1
312 12892 1
312 12893 1
312 12894 1
313 12895 1
313 12896 1
313 12897 1
313 12898 1
313 12899 1
313 12900 1
313 12901 1
314 12902 1
314 12903 1
314 12904 1
314 12905 1
314 12906 1
315 12907 1
315 12908 1
315 12909 1
315 12910 1
315 12911 1
316 12912 1
316 12913 1
316 12914 1
316 12915 1
316 12916 1
316 12917 1
316 12918 1
317 12919 1
317 12920 1
317 12921 1
317 12922 1
317 12923 1
317 12924 1
317 12925 1
318 12926 1
318 12927 1
318 12928 1
318 12929 1
318 12930 1
319 12931 1
319 12932 1
319 12933 1
319 12934 1
319 12935 1
319 12936 1
319 12937 1
320 12938 1
320 12939 1
320 12940 1
320 12941 1
320 12942 1
320 12943 1
320 12944 1
321 12945 1
321 12946 1
321 12947 1
321 12948 1
321 12949 1
322 12950 1
322 12951 1
322 12952 1
322 12953 1
322 12954 1
322 12955 1
322 12956 1
323 12957 1
323 12958 1
323 12959 1
324 12961 1
324 12962 1
324 12963 1
324 12964 1
324 12965 1
325 12966 1
325 12967 1
325 12968 1
325 12969 1
325 12970 1
326 12971 1
326 12972 1
326 12973 1
326 12974 1
326 12975 1
327 12976 1
327 12977 1
327 12978 1
327 12979 1
327 12980 1
327 12981 1
327 12982 1
328 12983 1
328 12984 1
328 12985 1
328 12986 1
328 12987 1
328 12988 1
328 12989 1
329 12990 1
329 12991 1
329 12992 1
329 12993 1
329 12994 1
329 12995 1
329 12996 1
330 12997 1
330 12998 1
330 12999 1
330 13000 1
330 13001 1
331 13002 1
331 13003 1
331 13004 1
331 13005 1
331 13006 1
332 13007 1
332 13008 1
332 13009 1
332 13010 1
332 13011 1
332 13012 1
332 13013 1
333 13014 1
333 13015 1
333 13016 1
333 13017 1
333 13018 1
333 13019 1
333 13020 1
334 13021 1
334 13022 1
334 13023 1
334 13024 1
334 13025 1
335 13026 1
335 13027 1
335 13028 1
335 13029 1
335 13030 1
335 13031 1
335 13032 1
336 13033 1
336 13034 1
336 13035 1
336 13036 1
336 13037 1
336 13038 1
336 13039 1
337 13040 1
337 13041 1
337 13042 1
337 13043 1
337 13044 1
337 13045 1
337 13046 1
338 13047 1
338 13048 1
338 13049 1
338 13050 1
338 13051 1
339 13052 1
339 13053 1
339 13054 1
339 13055 1
339 13056 1
340 13057 1
340 13058 1
340 13059 1
340 13060 1
340 13061 1
340 13062 1
340 13063 1
341 13064 1
341 13065 1
341 13066 1
341 13067 1
341 13068 1
341 13069 1
341 13070 1
342 13071 1
342 13072 1
342 13073 1
343 13075 1
343 13076 1
343 13077 1
344 13079 1
344 13080 1
344 13081 1
344 13082 1
344 13083 1
345 13084 1
345 13085 1
345 13086 1
346 13088 1
346 13089 1
346 13090 1
346 13091 1
346 13092 1
347 13093 1
347 13094 1
347 13095 1
347 13096 1
347 13097 1
347 13098 1
347 13099 1
348 13100 1
348 13101 1
348 13102 1
348 13103 1
348 13104 1
349 13105 1
349 13106 1
349 13107 1
349 13108 1
349 13109 1
350 13110 1
350 13111 1
350 13112 1
350 13113 1
350 13114 1
350 13115 1
350 13116 1
351 13117 1
351 13118 1
351 13119 1
351 13120 1
351 13121 1
352 13122 1
352 13123 1
352 13124 1
352 13125 1
352 13126 1
353 13127 1
353 13128 1
353 13129 1
354 13131 1
354 13132 1
354 13133 1
354 13134 1
354 13135 1
354 13136 1
354 13137 1
355 13138 1
355 13139 1
355 13140 1
355 13141 1
355 13142 1
355 13143 1
355 13144 1
356 13145 1
356 13146 1
356 13147 1
356 13148 1
356 13149 1
356 13150 1
356 13151 1
357 13152 1
357 13153 1
357 13154 1
357 13155 1
357 13156 1
358 13157 1
358 13158 1
358 13159 1
358 13160 1
358 13161 1
359 13162 1
359 13163 1
359 13164 1
359 13165 1
359 13166 1
360 13167 1
360 13168 1
360 13169 1
360 13170 1
360 13171 1
361 13172 1
361 13173 1
361 13174 1
361 13175 1
361 13176 1
361 13177 1
361 13178 1
362 13179 1
362 13180 1
362 13181 1
362 13182 1
362 13183 1
363 13184 1
363 13185 1
363 13186 1
364 13188 1
364 13189 1
364 13190 1
364 13191 1
364 13192 1
364 13193 1
364 13194 1
365 13195 1
365 13196 1
365 13197 1
365 13198 1
365 13199 1
366 13200 1
366 13201 1
366 13202 1
366 13203 1
366 13204 1
367 13205 1
367 13206 1
367 13207 1
367 13208 1
367 13209 1
368 13210 1
368 13211 1
368 13212 1
368 13213 1
368 13214 1
369 13215 1
369 13216 1
369 13217 1
369 13218 1
369 13219 1
370 13220 1
370 13221 1
370 13222 1
370 13223 1
370 13224 1
371 13225 1
371 13226 1
371 13227 1
371 13228 1
371 13229 1
371 13230 1
371 13231 1
372 13232 1
372 13233 1
372 13234 1
372 13235 1
372 13236 1
372 13237 1
372 13238 1
373 13239 1
373 13240 1
373 13241 1
373 13242 1
373 13243 1
374 13244 1
374 13245 1
374 13246 1
374 13247 1
374 13248 1
374 13249 1
374 13250 1
375 13251 1
375 13252 1
375 13253 1
375 13254 1
375 13255 1
376 13256 1
376 13257 1
376 13258 1
377 13261 1
377 13262 1
377 13263 1
377 13264 1
377 13265 1
378 13266 1
378 13267 1
378 13268 1
378 13269 1
378 13270 1
379 13271 1
379 13272 1
379 13273 1
380 13275 1
380 13276 1
380 13277 1
380 13278 1
380 13279 1
381 13280 1
381 13281 1
381 13282 1
381 13283 1
381 13284 1
381 13285 1
381 13286 1
382 13287 1
382 13288 1
382 13289 1
382 13290 1
382 13291 1
383 13292 1
383 13293 1
383 13294 1
383 13295 1
383 13296 1
383 13297 1
383 13298 1
384 13299 1
384 13300 1
384 13301 1
384 13302 1
384 13303 1
384 13304 1
384 13305 1
385 13306 1
385 13307 1
385 13308 1
385 13309 1
385 13310 1
386 13311 1
386 13312 1
386 13313 1
386 13314 1
386 13315 1
386 13316 1
386 13317 1
387 13318 1
387 13319 1
387 13320 1
387 13321 1
387 13322 1
387 13323 1
387 13324 1
388 13325 1
388 13326 1
388 13327 1
388 13328 1
388 13329 1
389 13330 1
389 13331 1
389 13332 1
390 13334 1
390 13335 1
390 13336 1
390 13337 1
390 13338 1
390 13339 1
390 13340 1
391 13341 1
391 13342 1
391 13343 1
391 13344 1
391 13345 1
392 13346 1
392 13347 1
392 13348 1
393 13350 1
393 13351 1
393 13352 1
393 13353 1
393 13354 1
393 13355 1
393 13356 1
394 13357 1
394 13358 1
394 13359 1
394 13360 1
394 13361 1
394 13362 1
394 13363 1
395 13364 1
395 13365 1
395 13366 1
395 13367 1
395 13368 1
395 13369 1
395 13370 1
396 13371 1
396 13372 1
396 13373 1
396 13374 1
396 13375 1
396 13376 1
396 13377 1
397 13378 1
397 13379 1
397 13380 1
397 13381 1
397 13382 1
398 13383 1
398 13384 1
398 13385 1
398 13386 1
398 13387 1
398 13388 1
398 13389 1
399 13390 1
399 13391 1
399 13392 1
399 13393 1
399 13394 1
399 13395 1
399 13396 1
400 13397 1
400 13398 1
400 13399 1
400 13400 1
400 13401 1
400 13402 1
400 13403 1
401 13404 1
401 13405 1
401 13406 1
401 13407 1
401 13408 1
401 13409 1
401 13410 1
402 13411 1
402 13412 1
402 13413 1
402 13414 1
402 13415 1
403 13416 1
403 13417 1
403 13418 1
403 13419 1
403 13420 1
403 13421 1
403 13422 1
404 13423 1
404 13424 1
404 13425 1
404 13426 1
404 13427 1
404 13428 1
404 13429 1
405 13430 1
405 13431 1
405 13432 1
405 13433 1
405 13434 1
406 13435 1
406 13436 1
406 13437 1
406 13438 1
406 13439 1
406 13440 1
406 13441 1
407 13442 1
407 13443 1
407 13444 1
407 13445 1
407 13446 1
407 13447 1
407 13448 1
408 13449 1
408 13450 1
408 13451 1
408 13452 1
408 13453 1
408 13454 1
408 13455 1
409 13456 1
409 13457 1
409 13458 1
409 13459 1
409 13460 1
410 13461 1
410 13462 1
410 13463 1
410 13464 1
410 13465 1
410 13466 1
410 13467 1
411 13468 1
411 13469 1
411 13470 1
411 13471 1
411 13472 1
411 13473 1
411 13474 1
412 13475 1
412 13476 1
412 13477 1
412 13478 1
412 13479 1
412 13480 1
412 13481 1
413 13482 1
413 13483 1
413 13484 1
413 13485 1
413 13486 1
413 13487 1
413 13488 1
414 13489 1
414 13490 1
414 13491 1
414 13492 1
414 13493 1
414 13494 1
414 13495 1
415 13496 1
415 13497 1
415 13498 1
415 13499 1
415 13500 1
416 13501 1
416 13502 1
416 13503 1
416 13504 1
416 13505 1
416 13506 1
416 13507 1
417 13508 1
417 13509 1
417 13510 1
417 13511 1
417 13512 1
417 13513 1
417 13514 1
418 13515 1
418 13516 1
418 13517 1
418 13518 1
418 13519 1
418 13520 1
418 13521 1
419 13522 1
419 13523 1
419 13524 1
419 13525 1
419 13526 1
419 13527 1
419 13528 1
420 13529 1
420 13530 1
420 13531 1
420 13532 1
420 13533 1
420 13534 1
420 13535 1
421 13536 1
421 13537 1
421 13538 1
421 13539 1
421 13540 1
422 13541 1
422 13542 1
422 13543 1
422 13544 1
422 13545 1
422 13546 1
422 13547 1
423 13548 1
423 13549 1
423 13550 1
423 13551 1
423 13552 1
423 13553 1
423 13554 1
424 13555 1
424 13556 1
424 13557 1
425 13559 1
425 13560 1
425 13561 1
425 13562 1
425 13563 1
425 13564 1
425 13565 1
427 13570 1
427 13571 1
427 13572 1
427 13573 1
427 13574 1
428 13575 1
428 13576 1
428 13577 1
428 13578 1
428 13579 1
428 13580 1
428 13581 1
429 13582 1
429 13583 1
429 13584 1
429 13585 1
429 13586 1
429 13587 1
429 13588 1
430 13589 1
430 13590 1
430 13591 1
430 13592 1
430 13593 1
430 13594 1
430 13595 1
431 13596 1
431 13597 1
431 13598 1
431 13599 1
431 13600 1
432 13601 1
432 13602 1
432 13603 1
432 13604 1
432 13605 1
432 13606 1
432 13607 1
433 13608 1
433 13609 1
433 13610 1
433 13611 1
433 13612 1
433 13613 1
433 13614 1
434 13615 1
434 13616 1
434 13617 1
435 13619 1
435 13620 1
435 13621 1
436 13623 1
436 13624 1
436 13625 1
436 13626 1
436 13627 1
436 13628 1
436 13629 1
437 13630 1
437 13631 1
437 13632 1
437 13633 1
437 13634 1
437 13635 1
437 13636 1
438 13637 1
438 13638 1
438 13639 1
439 13641 1
439 13642 1
439 13643 1
440 13645 1
440 13646 1
440 13647 1
440 13648 1
440 13649 1
440 13650 1
440 13651 1
441 13652 1
441 13653 1
441 13654 1
441 13655 1
441 13656 1
441 13657 1
441 13658 1
442 13659 1
442 13660 1
442 13661 1
442 13662 1
442 13663 1
442 13664 1
442 13665 1
443 13666 1
443 13667 1
443 13668 1
443 13669 1
443 13670 1
444 13671 1
444 13672 1
444 13673 1
444 13674 1
444 13675 1
444 13676 1
444 13677 1
445 13678 1
445 13679 1
445 13680 1
445 13681 1
445 13682 1
446 13683 1
446 13684 1
446 13685 1
447 13687 1
447 13688 1
447 13689 1
448 13691 1
448 13692 1
448 13693 1
448 13694 1
448 13695 1
449 13696 1
449 13697 1
449 13698 1
449 13699 1
449 13700 1
450 13701 1
450 13702 1
450 13703 1
450 13704 1
450 13705 1
451 13706 1
451 13707 1
451 13708 1
451 13709 1
451 13710 1
451 13711 1
451 13712 1
452 13713 1
452 13714 1
452 13715 1
452 13716 1
452 13717 1
452 13718 1
452 13719 1
453 13720 1
453 13721 1
453 13722 1
453 13723 1
453 13724 1
454 13725 1
454 13726 1
454 13727 1
455 13729 1
455 13730 1
455 13731 1
455 13732 1
455 13733 1
455 13734 1
455 13735 1
456 13736 1
456 13737 1
456 13738 1
457 13740 1
457 13741 1
457 13742 1
457 13743 1
457 13744 1
457 13745 1
457 13746 1
458 13747 1
458 13748 1
458 13749 1
458 13750 1
458 13751 1
459 13752 1
459 13753 1
459 13754 1
459 13755 1
459 13756 1
459 13757 1
459 13758 1
460 13759 1
460 13760 1
460 13761 1
460 13762 1
460 13763 1
461 13764 1
461 13765 1
461 13766 1
461 13767 1
461 13768 1
461 13769 1
461 13770 1
462 13771 1
462 13772 1
462 13773 1
462 13775 1
463 13776 1
463 13777 1
463 13778 1
463 13779 1
463 13780 1
463 13781 1
463 13782 1
464 13783 1
464 13784 1
464 13785 1
464 13786 1
464 13787 1
465 13788 1
465 13789 1
465 13790 1
465 13791 1
465 13792 1
466 13793 1
466 13794 1
466 13795 1
466 13796 1
466 13797 1
467 13798 1
467 13799 1
467 13800 1
468 13802 1
468 13803 1
468 13804 1
468 13805 1
468 13806 1
468 13807 1
468 13808 1
469 13809 1
469 13810 1
469 13811 1
469 13812 1
469 13813 1
469 13814 1
469 13815 1
470 13816 1
470 13817 1
470 13818 1
470 13819 1
470 13820 1
471 13821 1
471 13822 1
471 13823 1
471 13824 1
471 13825 1
472 13826 1
472 13827 1
472 13828 1
472 13829 1
472 13830 1
473 13831 1
473 13832 1
473 13833 1
473 13834 1
473 13835 1
474 13836 1
474 13837 1
474 13838 1
474 13839 1
474 13840 1
474 13841 1
474 13842 1
475 13843 1
475 13844 1
475 13845 1
475 13846 1
475 13847 1
476 13848 1
476 13849 1
476 13850 1
476 13851 1
476 13852 1
477 13853 1
477 13854 1
477 13855 1
477 13856 1
477 13857 1
477 13858 1
477 13859 1
478 13860 1
478 13861 1
478 13862 1
478 13863 1
478 13864 1
478 13865 1
478 13866 1
479 13867 1
479 13868 1
479 13869 1
479 13870 1
479 13871 1
479 13872 1
479 13873 1
480 13874 1
480 13875 1
480 13876 1
481 13878 1
481 13879 1
481 13880 1
482 13882 1
482 13883 1
482 13884 1
482 13885 1
482 13886 1
483 13887 1
483 13888 1
483 13889 1
483 13890 1
483 13891 1
483 13892 1
483 13893 1
484 13894 1
484 13895 1
484 13896 1
484 13897 1
484 13898 1
484 13899 1
484 13900 1
485 13901 1
485 13902 1
485 13903 1
485 13904 1
485 13905 1
485 13906 1
485 13907 1
486 13908 1
486 13909 1
486 13910 1
486 13911 1
486 13912 1
486 13913 1
486 13914 1
487 13915 1
487 13916 1
487 13917 1
487 13918 1
487 13919 1
487 13920 1
487 13921 1
488 13922 1
488 13923 1
488 13924 1
488 13925 1
488 13926 1
488 13927 1
488 13928 1
489 13929 1
489 13930 1
489 13931 1
489 13932 1
489 13933 1
490 13934 1
490 13935 1
490 13936 1
490 13937 1
490 13938 1
490 13939 1
490 13940 1
491 13941 1
491 13942 1
491 13943 1
491 13944 1
491 13945 1
491 13946 1
491 13947 1
492 13948 1
492 13949 1
492 13950 1
492 13951 1
492 13952 1
493 13953 1
493 13954 1
493 13955 1
494 13957 1
494 13958 1
494 13959 1
495 13961 1
495 13962 1
495 13963 1
495 13964 1
495 13965 1
496 13966 1
496 13967 1
496 13968 1
496 13969 1
496 13970 1
496 13971 1
496 13972 1
497 13973 1
497 13974 1
497 13975 1
497 13976 1
497 13977 1
498 13978 1
498 13979 1
498 13980 1
498 13981 1
498 13982 1
498 13983 1
498 13984 1
499 13985 1
499 13986 1
499 13987 1
499 13988 1
499 13989 1
499 13990 1
499 13991 1
500 13992 1
500 13993 1
500 13994 1
500 13995 1
500 13996 1
500 13997 1
500 13998 1
501 13999 1
501 14000 1
501 14001 1
501 14002 1
501 14003 1
502 14004 1
502 14005 1
502 14006 1
502 14007 1
502 14008 1
503 14009 1
503 14010 1
503 14011 1
503 14012 1
503 14013 1
503 14014 1
503 14015 1
504 14016 1
504 14017 1
504 14018 1
504 14019 1
504 14020 1
504 14021 1
504 14022 1
505 14023 1
505 14024 1
505 14025 1
506 14027 1
506 14028 1
506 14029 1
506 14030 1
506 14031 1
506 14032 1
506 14033 1
507 14034 1
507 14035 1
507 14036 1
507 14037 1
507 14038 1
507 14039 1
507 14040 1
508 14041 1
508 14042 1
508 14043 1
508 14044 1
508 14045 1
508 14046 1
508 14047 1
509 14048 1
509 14049 1
509 14050 1
509 14051 1
509 14052 1
510 14053 1
510 14054 1
510 14055 1
510 14056 1
510 14057 1
510 14058 1
510 14059 1
511 14060 1
511 14061 1
511 14062 1
511 14063 1
511 14064 1
511 14065 1
511 14066 1
512 14067 1
512 14068 1
512 14069 1
512 14070 1
512 14071 1
512 14072 1
512 14073 1
513 14074 1
513 14075 1
513 14076 1
513 14077 1
513 14078 1
513 14079 1
513 14080 1
514 14081 1
514 14082 1
514 14083 1
514 14084 1
514 14085 1
514 14086 1
514 14087 1
515 14088 1
515 14089 1
515 14090 1
515 14091 1
515 14092 1
516 14093 1
516 14094 1
516 14095 1
516 14096 1
516 14097 1
516 14098 1
516 14099 1
517 14100 1
517 14101 1
517 14102 1
517 14103 1
517 14104 1
518 14105 1
518 14106 1
518 14107 1
518 14108 1
518 14109 1
518 14110 1
518 14111 1
519 14112 1
519 14113 1
519 14114 1
519 14115 1
519 14116 1
520 14117 1
520 14118 1
520 14119 1
520 14120 1
520 14121 1
520 14122 1
520 14123 1
521 14124 1
521 14125 1
521 14126 1
522 14128 1
522 14129 1
522 14130 1
523 14132 1
523 14133 1
523 14134 1
523 14135 1
523 14136 1
523 14137 1
523 14138 1
524 14139 1
524 14140 1
524 14141 1
524 14142 1
524 14143 1
524 14144 1
524 14145 1
525 14146 1
525 14147 1
525 14148 1
525 14149 1
525 14150 1
526 14151 1
526 14152 1
526 14153 1
526 14154 1
526 14155 1
527 14156 1
527 14157 1
527 14158 1
527 14159 1
527 14160 1
528 14161 1
528 14162 1
528 14163 1
528 14164 1
528 14165 1
529 14166 1
529 14167 1
529 14168 1
529 14169 1
529 14170 1
529 14171 1
529 14172 1
530 14173 1
530 14174 1
530 14175 1
530 14176 1
530 14177 1
531 14178 1
531 14179 1
531 14180 1
531 14181 1
531 14182 1
532 14183 1
532 14184 1
532 14185 1
532 14186 1
532 14187 1
532 14188 1
532 14189 1
533 14190 1
533 14191 1
533 14192 1
534 14194 1
534 14195 1
534 14196 1
534 14197 1
534 14198 1
534 14199 1
534 14200 1
535 14201 1
535 14202 1
535 14203 1
535 14204 1
535 14205 1
536 14206 1
536 14207 1
536 14208 1
536 14209 1
536 14210 1
537 14211 1
537 14212 1
537 14213 1
538 14215 1
538 14216 1
538 14217 1
538 14218 1
538 14219 1
538 14220 1
538 14221 1
539 14222 1
539 14223 1
539 14224 1
539 14225 1
539 14226 1
539 14227 1
539 14228 1
540 14229 1
540 14230 1
540 14231 1
540 14232 1
540 14233 1
540 14234 1
540 14235 1
541 14236 1
541 14237 1
541 14238 1
541 14239 1
541 14240 1
541 14241 1
541 14242 1
542 14243 1
542 14244 1
542 14245 1
542 14246 1
542 14247 1
542 14248 1
542 14249 1
543 14250 1
543 14251 1
543 14252 1
543 14253 1
543 14254 1
544 14255 1
544 14256 1
544 14257 1
544 14258 1
544 14259 1
545 14260 1
545 14261 1
545 14262 1
545 14263 1
545 14264 1
545 14265 1
545 14266 1
546 14267 1
546 14268 1
546 14269 1
546 14270 1
546 14271 1
546 14272 1
546 14273 1
547 14274 1
547 14275 1
547 14276 1
547 14277 1
547 14278 1
547 14279 1
547 14280 1
548 14281 1
548 14282 1
548 14283 1
548 14284 1
548 14285 1
548 14286 1
548 14287 1
549 14288 1
549 14289 1
549 14290 1
549 14291 1
549 14292 1
549 14293 1
549 14294 1
550 14295 1
550 14296 1
550 14297 1
550 14298 1
550 14299 1
551 14300 1
551 14301 1
551 14302 1
551 14303 1
551 14304 1
551 14305 1
551 14306 1
552 14307 1
552 14308 1
552 14309 1
552 14310 1
552 14311 1
552 14312 1
552 14313 1
553 14314 1
553 14315 1
553 14316 1
554 14318 1
554 14319 1
554 14320 1
555 14322 1
555 14323 1
555 14324 1
555 14325 1
555 14326 1
556 14327 1
556 14328 1
556 14329 1
556 14330 1
556 14331 1
557 14332 1
557 14333 1
557 14334 1
557 14335 1
557 14336 1
557 14337 1
557 14338 1
558 14339 1
558 14340 1
558 14341 1
558 14342 1
558 14343 1
558 14344 1
558 14345 1
559 14346 1
559 14347 1
559 14348 1
559 14349 1
559 14350 1
560 14351 1
560 14352 1
560 14353 1
560 14354 1
560 14355 1
560 14356 1
560 14357 1
561 14358 1
561 14359 1
561 14360 1
561 14361 1
561 14362 1
561 14363 1
561 14364 1
562 14365 1
562 14366 1
562 14367 1
562 14368 1
562 14369 1
562 14370 1
562 14371 1
563 14372 1
563 14373 1
563 14374 1
563 14375 1
563 14376 1
564 14377 1
564 14378 1
564 14379 1
564 14380 1
564 14381 1
565 14382 1
565 14383 1
565 14384 1
565 14385 1
565 14386 1
565 14387 1
565 14388 1
566 14389 1
566 14390 1
566 14391 1
566 14392 1
566 14393 1
567 14394 1
567 14395 1
567 14396 1
567 14397 1
567 14398 1
568 14399 1
568 14400 1
568 14401 1
568 14402 1
568 14403 1
568 14404 1
568 14405 1
569 14406 1
569 14407 1
569 14408 1
569 14409 1
569 14410 1
570 14411 1
570 14412 1
570 14413 1
570 14414 1
570 14415 1
570 14416 1
570 14417 1
571 14418 1
571 14419 1
571 14420 1
571 14421 1
571 14422 1
572 14423 1
572 14424 1
572 14425 1
572 14426 1
572 14427 1
572 14428 1
572 14429 1
573 14430 1
573 14431 1
573 14432 1
573 14433 1
573 14434 1
574 14435 1
574 14436 1
574 14437 1
574 14438 1
574 14439 1
575 14440 1
575 14441 1
575 14442 1
576 14444 1
576 14445 1
576 14446 1
576 14447 1
576 14448 1
576 14449 1
576 14450 1
577 14451 1
577 14452 1
577 14453 1
578 14455 1
578 14456 1
578 14457 1
578 14458 1
578 14459 1
578 14460 1
578 14461 1
579 14462 1
579 14463 1
579 14464 1
579 14465 1
579 14466 1
580 14467 1
580 14468 1
580 14469 1
580 14470 1
580 14471 1
581 14472 1
581 14473 1
581 14474 1
581 14475 1
581 14476 1
582 14477 1
582 14478 1
582 14479 1
582 14480 1
582 14481 1
583 14482 1
583 14483 1
583 14484 1
583 14485 1
583 14486 1
584 14487 1
584 14488 1
584 14489 1
584 14490 1
584 14491 1
585 14492 1
585 14493 1
585 14494 1
585 14495 1
585 14496 1
585 14497 1
585 14498 1
586 14499 1
586 14500 1
586 14501 1
586 14502 1
586 14503 1
587 14504 1
587 14505 1
587 14506 1
587 14507 1
587 14508 1
587 14509 1
587 14510 1
588 14511 1
588 14512 1
588 14513 1
588 14514 1
588 14515 1
589 14516 1
589 14517 1
589 14518 1
590 14520 1
590 14521 1
590 14522 1
590 14523 1
590 14524 1
591 14525 1
591 14526 1
591 14527 1
591 14528 1
591 14529 1
591 14530 1
591 14531 1
592 14532 1
592 14533 1
592 14534 1
592 14535 1
592 14536 1
593 14537 1
593 14538 1
593 14539 1
593 14540 1
593 14541 1
594 14542 1
594 14543 1
594 14544 1
594 14545 1
594 14546 1
595 14547 1
595 14548 1
595 14549 1
596 14551 1
596 14552 1
596 14553 1
596 14554 1
596 14555 1
596 14556 1
596 14557 1
597 14558 1
597 14559 1
597 14560 1
598 14562 1
598 14563 1
598 14564 1
598 14565 1
598 14566 1
598 14567 1
598 14568 1
599 14569 1
599 14570 1
599 14571 1
599 14572 1
599 14573 1
599 14574 1
599 14575 1
600 14576 1
600 14577 1
600 14578 1
600 14579 1
600 14580 1
601 14581 1
601 14582 1
601 14583 1
602 14585 1
602 14586 1
602 14587 1
602 14588 1
602 14589 1
602 14590 1
602 14591 1
603 14592 1
603 14593 1
603 14594 1
603 14595 1
603 14596 1
604 14597 1
604 14598 1
604 14599 1
604 14600 1
604 14601 1
604 14602 1
604 14603 1
605 14604 1
605 14605 1
605 14606 1
605 14607 1
605 14608 1
606 14609 1
606 14610 1
606 14611 1
606 14612 1
606 14613 1
606 14614 1
606 14615 1
607 14616 1
607 14617 1
607 14618 1
607 14619 1
607 14620 1
608 14621 1
608 14622 1
608 14623 1
608 14624 1
608 14625 1
608 14626 1
608 14627 1
609 14628 1
609 14629 1
609 14630 1
609 14631 1
609 14632 1
610 14633 1
610 14634 1
610 14635 1
610 14636 1
610 14637 1
610 14638 1
610 14639 1
611 14640 1
611 14641 1
611 14642 1
611 14643 1
611 14644 1
611 14645 1
611 14646 1
612 14647 1
612 14648 1
612 14649 1
612 14650 1
612 14651 1
613 14652 1
613 14653 1
613 14654 1
613 14655 1
613 14656 1
613 14657 1
613 14658 1
614 14659 1
614 14660 1
614 14661 1
614 14662 1
614 14663 1
614 14664 1
614 14665 1
615 14666 1
615 14667 1
615 14668 1
615 14669 1
615 14670 1
615 14671 1
615 14672 1
616 14673 1
616 14674 1
616 14675 1
616 14676 1
616 14677 1
616 14678 1
616 14679 1
617 14680 1
617 14681 1
617 14682 1
617 14683 1
617 14684 1
617 14685 1
617 14686 1
618 14687 1
618 14688 1
618 14689 1
618 14690 1
618 14691 1
619 14692 1
619 14693 1
619 14694 1
619 14695 1
619 14696 1
620 14697 1
620 14698 1
620 14699 1
621 14701 1
621 14702 1
621 14703 1
621 14704 1
621 14705 1
622 14706 1
622 14707 1
622 14708 1
622 14709 1
622 14710 1
623 14711 1
623 14712 1
623 14713 1
623 14714 1
623 14715 1
624 14716 1
624 14717 1
624 14718 1
624 14719 1
624 14720 1
624 14721 1
624 14722 1
625 14723 1
625 14724 1
625 14725 1
625 14726 1
625 14727 1
625 14728 1
625 14729 1
626 14730 1
626 14731 1
626 14732 1
626 14733 1
626 14734 1
627 14735 1
627 14736 1
627 14737 1
627 14738 1
627 14739 1
627 14740 1
627 14741 1
628 14742 1
628 14743 1
628 14744 1
628 14745 1
628 14746 1
628 14747 1
628 14748 1
629 14749 1
629 14750 1
629 14751 1
630 14753 1
630 14754 1
630 14755 1
631 14757 1
631 14758 1
631 14759 1
632 14761 1
632 14762 1
632 14763 1
632 14764 1
632 14765 1
632 14766 1
632 14767 1
633 14768 1
633 14769 1
633 14770 1
633 14771 1
633 14772 1
633 14773 1
633 14774 1
634 14775 1
634 14776 1
634 14777 1
634 14778 1
634 14779 1
634 14780 1
634 14781 1
635 14782 1
635 14783 1
635 14784 1
635 14785 1
635 14786 1
636 14787 1
636 14788 1
636 14789 1
636 14790 1
636 14791 1
636 14792 1
636 14793 1
637 14794 1
637 14795 1
637 14796 1
637 14797 1
637 14798 1
638 14799 1
638 14800 1
638 14801 1
638 14802 1
638 14803 1
638 14804 1
638 14805 1
639 14806 1
639 14807 1
639 14808 1
639 14809 1
639 14810 1
640 14811 1
640 14812 1
640 14813 1
641 14815 1
641 14816 1
641 14817 1
641 14818 1
641 14819 1
642 14820 1
642 14821 1
642 14822 1
643 14824 1
643 14825 1
643 14826 1
643 14827 1
643 14828 1
643 14829 1
643 14830 1
644 14831 1
644 14832 1
644 14833 1
644 14834 1
644 14835 1
645 14836 1
645 14837 1
645 14838 1
645 14839 1
645 14840 1
646 14841 1
646 14842 1
646 14843 1
646 14844 1
646 14845 1
646 14846 1
646 14847 1
647 14848 1
647 14849 1
647 14850 1
647 14851 1
647 14852 1
648 14853 1
648 14854 1
648 14855 1
648 14856 1
648 14857 1
649 14858 1
649 14859 1
649 14860 1
649 14861 1
649 14862 1
650 14863 1
650 14864 1
650 14865 1
650 14866 1
650 14867 1
650 14868 1
650 14869 1
651 14870 1
651 14871 1
651 14872 1
651 14873 1
651 14874 1
651 14875 1
651 14876 1
652 14877 1
652 14878 1
652 14879 1
652 14880 1
652 14881 1
653 14882 1
653 14883 1
653 14884 1
653 14885 1
653 14886 1
653 14887 1
653 14888 1
654 14889 1
654 14890 1
654 14891 1
654 14892 1
654 14893 1
655 14894 1
655 14895 1
655 14896 1
655 14897 1
655 14898 1
656 14899 1
656 14900 1
656 14901 1
656 14902 1
656 14903 1
656 14904 1
656 14905 1
657 14906 1
657 14907 1
657 14908 1
657 14909 1
657 14910 1
657 14911 1
657 14912 1
658 14913 1
658 14914 1
658 14915 1
658 14916 1
658 14917 1
658 14918 1
658 14919 1
659 14920 1
659 14921 1
659 14922 1
659 14923 1
659 14924 1
659 14925 1
659 14926 1
660 14927 1
660 14928 1
660 14929 1
660 14930 1
660 14931 1
660 14932 1
660 14933 1
661 14934 1
661 14935 1
661 14936 1
661 14937 1
661 14938 1
662 14939 1
662 14940 1
662 14941 1
662 14942 1
662 14943 1
663 14944 1
663 14945 1
663 14946 1
663 14947 1
663 14948 1
664 14949 1
664 14950 1
664 14951 1
664 14952 1
664 14953 1
664 14954 1
664 14955 1
665 14956 1
665 14957 1
665 14958 1
665 14959 1
665 14960 1
665 14961 1
665 14962 1
666 14963 1
666 14964 1
666 14965 1
666 14966 1
666 14967 1
666 14968 1
666 14969 1
667 14970 1
667 14971 1
667 14972 1
667 14973 1
667 14974 1
667 14975 1
667 14976 1
668 14977 1
668 14978 1
668 14979 1
668 14980 1
668 14981 1
669 14982 1
669 14983 1
669 14984 1
669 14985 1
669 14986 1
670 14987 1
670 14988 1
670 14989 1
670 14990 1
670 14991 1
671 14992 1
671 14993 1
671 14994 1
671 14995 1
671 14996 1
672 14997 1
672 14998 1
672 14999 1
673 15001 1
673 15002 1
673 15003 1
673 15004 1
673 15005 1
674 15006 1
674 15007 1
674 15008 1
674 15009 1
674 15010 1
675 15011 1
675 15012 1
675 15013 1
675 15014 1
675 15015 1
675 15016 1
675 15017 1
676 15018 1
676 15019 1
676 15020 1
676 15021 1
676 15022 1
676 15023 1
676 15024 1
677 15025 1
677 15026 1
677 15027 1
677 15028 1
677 15029 1
677 15030 1
677 15031 1
678 15032 1
678 15033 1
678 15034 1
678 15035 1
678 15036 1
679 15037 1
679 15038 1
679 15039 1
679 15040 1
679 15041 1
679 15042 1
679 15043 1
680 15044 1
680 15045 1
680 15046 1
680 15047 1
680 15048 1
680 15049 1
680 15050 1
681 15051 1
681 15052 1
681 15053 1
681 15054 1
681 15055 1
681 15056 1
681 15057 1
682 15058 1
682 15059 1
682 15060 1
682 15061 1
682 15062 1
682 15063 1
682 15064 1
683 15065 1
683 15066 1
683 15067 1
683 15068 1
683 15069 1
684 15070 1
684 15071 1
684 15072 1
684 15073 1
684 15074 1
684 15075 1
684 15076 1
685 15077 1
685 15078 1
685 15079 1
685 15080 1
685 15081 1
685 15082 1
685 15083 1
686 15084 1
686 15085 1
686 15086 1
686 15087 1
686 15088 1
686 15089 1
686 15090 1
687 15091 1
687 15092 1
687 15093 1
687 15094 1
687 15095 1
688 15096 1
688 15097 1
688 15098 1
688 15099 1
688 15100 1
688 15101 1
688 15102 1
689 15103 1
689 15104 1
689 15105 1
689 15106 1
689 15107 1
690 15108 1
690 15109 1
690 15110 1
690 15111 1
690 15112 1
691 15113 1
691 15114 1
691 15115 1
691 15116 1
691 15117 1
693 15122 1
693 15123 1
693 15124 1
694 15126 1
694 15127 1
694 15128 1
695 15130 1
695 15131 1
695 15132 1
696 15134 1
696 15135 1
696 15136 1
697 15138 1
697 15139 1
697 15140 1
697 15141 1
697 15142 1
698 15143 1
698 15144 1
698 15145 1
698 15146 1
698 15147 1
698 15148 1
698 15149 1
699 15150 1
699 15151 1
699 15152 1
700 15154 1
700 15155 1
700 15156 1
701 15158 1
701 15159 1
701 15160 1
701 15162 1
702 15163 1
702 15164 1
702 15165 1
703 15167 1
703 15168 1
703 15169 1
703 15170 1
703 15171 1
703 15172 1
703 15173 1
704 15174 1
704 15175 1
704 15176 1
704 15177 1
704 15178 1
705 15179 1
705 15180 1
705 15181 1
705 15182 1
705 15183 1
705 15184 1
705 15185 1
706 15186 1
706 15187 1
706 15188 1
706 15189 1
706 15190 1
706 15191 1
706 15192 1
707 15193 1
707 15194 1
707 15195 1
707 15196 1
707 15197 1
708 15198 1
708 15199 1
708 15200 1
709 15202 1
709 15203 1
709 15204 1
710 15206 1
710 15207 1
710 15208 1
710 15209 1
710 15210 1
711 15211 1
711 15212 1
711 15213 1
711 15214 1
711 15215 1
712 15216 1
712 15217 1
712 15218 1
712 15219 1
712 15220 1
713 15221 1
713 15222 1
713 15223 1
714 15225 1
714 15226 1
714 15227 1
715 15229 1
715 15230 1
715 15231 1
715 15232 1
715 15233 1
716 15234 1
716 15235 1
716 15236 1
717 15238 1
717 15239 1
717 15240 1
717 15241 1
717 15242 1
718 15243 1
718 15244 1
718 15245 1
718 15246 1
718 15247 1
719 15248 1
719 15249 1
719 15250 1
719 15251 1
719 15252 1
720 15253 1
720 15254 1
720 15255 1
722 15261 1
722 15262 1
722 15263 1
723 15265 1
723 15266 1
723 15267 1
724 15269 1
724 15270 1
724 15271 1
725 15273 1
725 15274 1
725 15275 1
725 15276 1
725 15277 1
725 15278 1
725 15279 1
726 15280 1
726 15281 1
726 15282 1
726 15283 1
726 15284 1
726 15285 1
726 15286 1
727 15287 1
727 15288 1
727 15289 1
728 15291 1
728 15292 1
728 15293 1
729 15295 1
729 15296 1
729 15297 1
729 15298 1
729 15299 1
730 15300 1
730 15301 1
730 15302 1
731 15304 1
731 15305 1
731 15306 1
732 15308 1
732 15309 1
732 15310 1
732 15311 1
732 15312 1
733 15313 1
733 15314 1
733 15315 1
733 15316 1
733 15317 1
733 15318 1
733 15319 1
734 15320 1
734 15321 1
734 15322 1
734 15323 1
734 15324 1
735 15325 1
735 15326 1
735 15327 1
735 15328 1
735 15329 1
736 15330 1
736 15331 1
736 15332 1
737 15334 1
737 15335 1
737 15336 1
737 15337 1
737 15338 1
738 15339 1
738 15340 1
738 15341 1
738 15342 1
738 15343 1
738 15344 1
738 15345 1
739 15346 1
739 15347 1
739 15348 1
739 15349 1
739 15350 1
739 15351 1
739 15352 1
740 15353 1
740 15354 1
740 15355 1
740 15356 1
740 15357 1
740 15358 1
740 15359 1
741 15360 1
741 15361 1
741 15362 1
741 15363 1
741 15364 1
741 15365 1
741 15366 1
742 15367 1
742 15368 1
742 15369 1
743 15371 1
743 15372 1
743 15373 1
743 15374 1
743 15375 1
744 15376 1
744 15377 1
744 15378 1
744 15379 1
744 15380 1
745 15381 1
745 15382 1
745 15383 1
746 15385 1
746 15386 1
746 15387 1
746 15388 1
746 15389 1
747 15390 1
747 15391 1
747 15392 1
748 15394 1
748 15395 1
748 15396 1
749 15398 1
749 15399 1
749 15400 1
750 15402 1
750 15403 1
750 15404 1
751 15406 1
751 15407 1
751 15408 1
751 15409 1
751 15410 1
752 15411 1
752 15412 1
752 15413 1
752 15414 1
752 15415 1
753 15416 1
753 15417 1
753 15418 1
754 15420 1
754 15421 1
754 15422 1
754 15423 1
754 15424 1
755 15425 1
755 15426 1
755 15427 1
755 15428 1
755 15429 1
755 15430 1
755 15431 1
756 15432 1
756 15433 1
756 15434 1
756 15435 1
756 15436 1
756 15437 1
756 15438 1
757 15439 1
757 15440 1
757 15441 1
760 15452 1
760 15453 1
760 15454 1
760 15455 1
760 15456 1
760 15457 1
760 15458 1
761 15459 1
761 15460 1
761 15461 1
761 15462 1
761 15463 1
762 15464 1
762 15465 1
762 15466 1
762 15467 1
762 15468 1
762 15469 1
762 15470 1
763 15471 1
763 15472 1
763 15473 1
763 15474 1
763 15475 1
763 15476 1
763 15477 1
764 15478 1
764 15479 1
764 15480 1
764 15481 1
764 15482 1
765 15483 1
765 15484 1
765 15485 1
766 15487 1
766 15488 1
766 15489 1
766 15490 1
766 15491 1
766 15492 1
766 15493 1
767 15494 1
767 15495 1
767 15496 1
767 15497 1
767 15498 1
768 15499 1
768 15500 1
768 15501 1
768 15502 1
768 15503 1
769 15504 1
769 15505 1
769 15506 1
769 15507 1
769 15508 1
773 15524 1
773 15525 1
773 15526 1
774 15528 1
774 15529 1
774 15530 1
775 15532 1
775 15533 1
775 15534 1
775 15535 1
775 15536 1
776 15537 1
776 15538 1
776 15539 1
776 15540 1
776 15541 1
776 15542 1
776 15543 1
777 15544 1
777 15545 1
777 15546 1
777 15547 1
777 15548 1
777 15549 1
777 15550 1
778 15551 1
778 15552 1
778 15553 1
778 15554 1
778 15555 1
780 15563 1
780 15564 1
780 15565 1
780 15566 1
780 15567 1
780 15568 1
780 15569 1
781 15570 1
781 15571 1
781 15572 1
782 15574 1
782 15575 1
782 15576 1
782 15577 1
782 15578 1
783 15579 1
783 15580 1
783 15581 1
784 15583 1
784 15584 1
784 15585 1
784 15586 1
784 15587 1
784 15588 1
784 15589 1
785 15590 1
785 15591 1
785 15592 1
785 15593 1
785 15594 1
786 15595 1
786 15596 1
786 15597 1
786 15598 1
786 15599 1
787 15600 1
787 15601 1
787 15602 1
788 15604 1
788 15605 1
788 15606 1
789 15608 1
789 15609 1
789 15610 1
789 15611 1
789 15612 1
789 15613 1
789 15614 1
790 15615 1
790 15616 1
790 15617 1
791 15619 1
791 15620 1
791 15621 1
792 15623 1
792 15624 1
792 15625 1
792 15626 1
792 15627 1
793 15628 1
793 15629 1
793 15630 1
794 15632 1
794 15633 1
794 15634 1
794 15635 1
794 15636 1
795 15637 1
795 15638 1
795 15639 1
795 15640 1
795 15641 1
796 15642 1
796 15643 1
796 15644 1
796 15645 1
796 15646 1
796 15647 1
796 15648 1
797 15649 1
797 15650 1
797 15651 1
797 15652 1
797 15653 1
798 15654 1
798 15655 1
798 15656 1
799 15658 1
799 15659 1
799 15660 1
799 15661 1
799 15662 1
799 15663 1
799 15664 1
800 15665 1
800 15666 1
800 15667 1
800 15668 1
800 15669 1
800 15670 1
800 15671 1
801 15672 1
801 15673 1
801 15674 1
801 15675 1
801 15676 1
802 15677 1
802 15678 1
802 15679 1
803 15682 1
803 15683 1
803 15684 1
804 15686 1
804 15687 1
804 15688 1
804 15689 1
804 15690 1
804 15691 1
804 15692 1
805 15693 1
805 15694 1
805 15695 1
805 15696 1
805 15697 1
806 15698 1
806 15699 1
806 15700 1
807 15702 1
807 15703 1
807 15704 1
808 15706 1
808 15707 1
808 15708 1
809 15710 1
809 15711 1
809 15712 1
811 15721 1
811 15722 1
811 15723 1
812 15725 1
812 15726 1
812 15727 1
812 15728 1
812 15729 1
812 15730 1
812 15731 1
815 15743 1
815 15744 1
815 15745 1
815 15746 1
815 15747 1
816 15748 1
816 15749 1
816 15750 1
816 15751 1
816 15752 1
817 15753 1
817 15754 1
817 15755 1
817 15756 1
817 15757 1
819 15762 1
819 15763 1
819 15764 1
819 15765 1
819 15766 1
820 15767 1
820 15768 1
820 15769 1
820 15770 1
820 15771 1
821 15772 1
821 15773 1
821 15774 1
822 15776 1
822 15777 1
822 15778 1
823 15780 1
823 15781 1
823 15782 1
823 15783 1
823 15784 1
823 15785 1
823 15786 1
825 15791 1
825 15792 1
825 15793 1
826 15795 1
826 15796 1
826 15797 1
828 15804 1
828 15805 1
828 15806 1
831 15819 1
831 15820 1
831 15821 1
832 15823 1
832 15824 1
832 15825 1
832 15826 1
832 15827 1
833 15828 1
833 15829 1
833 15830 1
834 15832 1
834 15833 1
834 15834 1
834 15835 1
834 15836 1
834 15837 1
834 15838 1
836 15846 1
836 15847 1
836 15848 1
837 15850 1
837 15851 1
837 15852 1
837 15853 1
837 15854 1
839 15859 1
839 15860 1
839 15861 1
839 15862 1
839 15863 1
839 15864 1
839 15865 1
840 15866 1
840 15867 1
840 15868 1
840 15869 1
840 15870 1
841 15871 1
841 15872 1
841 15873 1
841 15874 1
841 15875 1
841 15876 1
841 15877 1
842 15878 1
842 15879 1
842 15880 1
842 15881 1
842 15882 1
843 15883 1
843 15884 1
843 15885 1
844 15887 1
844 15888 1
844 15889 1
846 15895 1
846 15896 1
846 15897 1
846 15898 1
846 15899 1
847 15900 1
847 15901 1
847 15902 1
848 15904 1
848 15905 1
848 15906 1
848 15907 1
848 15908 1
848 15909 1
848 15910 1
849 15911 1
849 15912 1
849 15913 1
850 15915 1
850 15916 1
850 15917 1
850 15918 1
850 15919 1
850 15920 1
850 15921 1
851 15922 1
851 15923 1
851 15924 1
852 15926 1
852 15927 1
852 15928 1
852 15929 1
852 15930 1
852 15931 1
852 15932 1
853 15933 1
853 15934 1
853 15935 1
853 15936 1
853 15937 1
854 15938 1
854 15939 1
854 15940 1
854 15941 1
854 15942 1
855 15943 1
855 15944 1
855 15945 1
855 15946 1
855 15947 1
855 15948 1
855 15949 1
856 15950 1
856 15951 1
856 15952 1
857 15954 1
857 15955 1
857 15956 1
858 15958 1
858 15959 1
858 15960 1
858 15961 1
858 15962 1
859 15963 1
859 15964 1
859 15965 1
859 15966 1
859 15967 1
860 15968 1
860 15969 1
860 15970 1
861 15972 1
861 15973 1
861 15974 1
862 15976 1
862 15977 1
862 15978 1
864 15984 1
864 15985 1
864 15986 1
865 15988 1
865 15989 1
865 15990 1
866 15992 1
866 15993 1
866 15994 1
866 15995 1
866 15996 1
867 15997 1
867 15998 1
867 15999 1
868 16001 1
868 16002 1
868 16003 1
869 16005 1
869 16006 1
869 16007 1
869 16008 1
869 16009 1
870 16010 1
870 16011 1
870 16012 1
870 16013 1
870 16014 1
871 16015 1
871 16016 1
871 16017 1
871 16018 1
871 16019 1
872 16020 1
872 16021 1
872 16022 1
873 16024 1
873 16025 1
873 16026 1
874 16028 1
874 16029 1
874 16030 1
874 16031 1
874 16032 1
875 16033 1
875 16034 1
875 16035 1
875 16036 1
875 16037 1
875 16038 1
875 16039 1
876 16040 1
876 16041 1
876 16042 1
876 16043 1
876 16044 1
877 16045 1
877 16046 1
877 16047 1
877 16048 1
877 16049 1
878 16050 1
878 16051 1
878 16052 1
878 16053 1
878 16054 1
878 16055 1
878 16056 1
879 16057 1
879 16058 1
879 16059 1
879 16060 1
879 16061 1
879 16062 1
879 16063 1
880 16064 1
880 16065 1
880 16066 1
880 16067 1
880 16068 1
881 16069 1
881 16070 1
881 16071 1
881 16072 1
881 16073 1
881 16074 1
881 16075 1
882 16076 1
882 16077 1
882 16078 1
883 16080 1
883 16081 1
883 16082 1
883 16083 1
883 16084 1
883 16085 1
883 16086 1
884 16087 1
884 16088 1
884 16089 1
884 16090 1
884 16091 1
884 16092 1
884 16093 1
885 16094 1
885 16095 1
885 16096 1
886 16098 1
886 16099 1
886 16100 1
886 16101 1
886 16102 1
887 16103 1
887 16104 1
887 16105 1
888 16107 1
888 16108 1
888 16109 1
888 16110 1
888 16111 1
888 16112 1
888 16113 1
889 16114 1
889 16115 1
889 16116 1
889 16117 1
889 16118 1
889 16119 1
889 16120 1
890 16121 1
890 16122 1
890 16123 1
891 16125 1
891 16126 1
891 16127 1
891 16128 1
891 16129 1
891 16130 1
891 16131 1
892 16132 1
892 16133 1
892 16134 1
892 16135 1
892 16136 1
893 16137 1
893 16138 1
893 16139 1
893 16140 1
893 16141 1
894 16142 1
894 16143 1
894 16144 1
894 16145 1
894 16146 1
895 16147 1
895 16148 1
895 16149 1
896 16151 1
896 16152 1
896 16153 1
897 16155 1
897 16156 1
897 16157 1
897 16158 1
897 16159 1
897 16160 1
897 16161 1
898 16162 1
898 16163 1
898 16164 1
898 16165 1
898 16166 1
899 16167 1
899 16168 1
899 16169 1
900 16171 1
900 16172 1
900 16173 1
901 16175 1
901 16176 1
901 16177 1
902 16179 1
902 16180 1
902 16181 1
902 16182 1
902 16183 1
902 16184 1
902 16185 1
903 16186 1
903 16187 1
903 16188 1
904 16190 1
904 16191 1
904 16192 1
905 16194 1
905 16195 1
905 16196 1
906 16198 1
906 16199 1
906 16200 1
907 16202 1
907 16203 1
907 16204 1
908 16206 1
908 16207 1
908 16208 1
909 16210 1
909 16211 1
909 16212 1
910 16214 1
910 16215 1
910 16216 1
911 16218 1
911 16219 1
911 16220 1
912 16222 1
912 16223 1
912 16224 1
913 16226 1
913 16227 1
913 16228 1
914 16230 1
914 16231 1
914 16232 1
915 16234 1
915 16235 1
915 16236 1
916 16238 1
916 16239 1
916 16240 1
917 16242 1
917 16243 1
917 16244 1
918 16246 1
918 16247 1
918 16248 1
919 16250 1
919 16251 1
919 16252 1
920 16254 1
920 16255 1
920 16256 1
921 16258 1
921 16259 1
921 16260 1
922 16262 1
922 16263 1
922 16264 1
923 16266 1
923 16267 1
923 16268 1
924 16270 1
924 16271 1
924 16272 1
925 16274 1
925 16275 1
925 16276 1
926 16278 1
926 16279 1
926 16280 1
927 16282 1
927 16283 1
927 16284 1
928 16286 1
928 16287 1
928 16288 1
929 16290 1
929 16291 1
929 16292 1
930 16294 1
930 16295 1
930 16296 1
931 16298 1
931 16299 1
931 16300 1
932 16302 1
932 16303 1
932 16304 1
933 16306 1
933 16307 1
933 16308 1
934 16310 1
934 16311 1
934 16312 1
935 16314 1
935 16315 1
935 16316 1
936 16318 1
936 16319 1
936 16320 1
937 16322 1
937 16323 1
937 16324 1
938 16326 1
938 16327 1
938 16328 1
939 16330 1
939 16331 1
939 16332 1
940 16334 1
940 16335 1
940 16336 1
941 16338 1
941 16339 1
941 16340 1
942 16342 1
942 16343 1
942 16344 1
943 16346 1
943 16347 1
943 16348 1
944 16350 1
944 16351 1
944 16352 1
945 16354 1
945 16355 1
945 16356 1
946 16358 1
946 16359 1
946 16360 1
947 16362 1
947 16363 1
947 16364 1
949 16370 1
949 16371 1
949 16372 1
949 16373 1
949 16374 1
950 16375 1
950 16376 1
950 16377 1
951 16379 1
951 16380 1
951 16381 1
951 16382 1
951 16383 1
952 16384 1
952 16385 1
952 16386 1
952 16387 1
952 16388 1
953 16389 1
953 16390 1
953 16391 1
953 16392 1
953 16393 1
953 16394 1
953 16395 1
955 16403 1
955 16404 1
955 16405 1
956 16407 1
956 16408 1
956 16409 1
956 16410 1
956 16411 1
956 16412 1
956 16413 1
957 16414 1
957 16415 1
957 16416 1
957 16417 1
957 16418 1
957 16419 1
957 16420 1
958 16421 1
958 16422 1
958 16423 1
958 16424 1
958 16425 1
959 16426 1
959 16427 1
959 16428 1
959 16429 1
959 16430 1
959 16431 1
959 16432 1
960 16433 1
960 16434 1
960 16435 1
960 16436 1
960 16437 1
961 16438 1
961 16439 1
961 16440 1
961 16441 1
961 16442 1
962 16443 1
962 16444 1
962 16445 1
962 16446 1
962 16447 1
963 16448 1
963 16449 1
963 16450 1
963 16451 1
963 16452 1
964 16453 1
964 16454 1
964 16455 1
964 16456 1
964 16457 1
965 16458 1
965 16459 1
965 16460 1
965 16461 1
965 16462 1
966 16463 1
966 16464 1
966 16465 1
967 16467 1
967 16468 1
967 16469 1
968 16471 1
968 16472 1
968 16473 1
968 16474 1
968 16475 1
968 16476 1
968 16477 1
969 16478 1
969 16479 1
969 16480 1
969 16481 1
969 16482 1
970 16483 1
970 16484 1
970 16485 1
970 16486 1
970 16487 1
972 16495 1
972 16496 1
972 16497 1
973 16499 1
973 16500 1
973 16501 1
973 16502 1
973 16503 1
973 16504 1
973 16505 1
974 16506 1
974 16507 1
974 16508 1
974 16509 1
974 16510 1
974 16511 1
974 16512 1
975 16513 1
975 16514 1
975 16515 1
975 16516 1
975 16517 1
975 16518 1
975 16519 1
976 16520 1
976 16521 1
976 16522 1
976 16523 1
976 16524 1
976 16525 1
976 16526 1
977 16527 1
977 16528 1
977 16529 1
977 16530 1
977 16531 1
977 16532 1
977 16533 1
978 16534 1
978 16535 1
978 16536 1
978 16537 1
978 16538 1
978 16539 1
978 16540 1
979 16541 1
979 16542 1
979 16543 1
979 16544 1
979 16545 1
979 16546 1
979 16547 1
980 16548 1
980 16549 1
980 16550 1
980 16551 1
980 16552 1
981 16553 1
981 16554 1
981 16555 1
981 16556 1
981 16557 1
981 16558 1
981 16559 1
982 16560 1
982 16561 1
982 16562 1
982 16563 1
982 16564 1
982 16565 1
982 16566 1
983 16567 1
983 16568 1
983 16569 1
983 16570 1
983 16571 1
983 16572 1
983 16573 1
984 16574 1
984 16575 1
984 16576 1
984 16577 1
984 16578 1
985 16579 1
985 16580 1
985 16581 1
985 16582 1
985 16583 1
985 16584 1
985 16585 1
986 16586 1
986 16587 1
986 16588 1
986 16590 1
987 16591 1
987 16592 1
987 16593 1
987 16594 1
987 16595 1
988 16596 1
988 16597 1
988 16598 1
988 16599 1
988 16600 1
988 16601 1
988 16602 1
989 16603 1
989 16604 1
989 16605 1
989 16606 1
989 16607 1
990 16608 1
990 16609 1
990 16610 1
990 16611 1
990 16612 1
990 16613 1
990 16614 1
991 16615 1
991 16616 1
991 16617 1
991 16618 1
991 16619 1
992 16620 1
992 16621 1
992 16622 1
992 16623 1
992 16624 1
995 16634 1
995 16635 1
995 16636 1
995 16637 1
995 16638 1
996 16639 1
996 16640 1
996 16641 1
997 16643 1
997 16644 1
997 16645 1
997 16646 1
997 16647 1
997 16648 1
997 16649 1
998 16650 1
998 16651 1
998 16652 1
998 16653 1
998 16654 1
998 16655 1
998 16656 1
1000 16662 1
1000 16663 1
1000 16664 1
1000 16665 1
1000 16666 1
